27.03
24.56
29.5
27.63
18.01
29.2
20.39
23.03
18.58
23.85
43.1
23.83
24.75
24
18.48
21.55
16.71
24.62
31.4
19.71
25.15
21.93
23.92
23.37
22.35
32.23
16.6
27.46
23.3
21.39
19.99
33.8
19.83
17.62
28.57
19.88
30.02
20.34
34.16
21.31
22.77
21.88
29.51
23.32
20.46
25.14
20.39
20.91
27.89
17.03
24.76
43.99
17.97
23.97
19.62
16.99
20.42
23.09
36.02
21.8
34.53
18.66
23.19
21.5
20.79
20.18
19.85
23.78
36.73
18.76
20.42
19.6
26.31
25.47
26.31
43.98
54.38
18.2
33.98
40.1
36.25
19.56
20.78
20.78
17.21
23.71
33.91
15.32
19.17
42.02
21
22.57
26.58
26.02
26.25
29.47
36.45
19.11
30.9
26.2
18.03
21.31
25.71
24.57
22.23
24.31
20.48
20.58
24.32
56.82
18.67
17.06
28.62
24.1
16.34
23.15
33.56
20.72
31.24
23.87
24.8
20.74
20.18
41.19
35.74
21.11
18.57
20
17.25
26.9
59.44
18.88
25.93
17.54
20.47
32.68
20.05
20.8
18.5
18.83
44.26
22.09
17.4
26.05
22.55
37.86
20.65
20.1
19.41
35.11
31.57
21.59
20.57
28.02
17.68
23.02
19.96
25.32
19.09
32.24
36.18
19.77
21.74
21.91
22.01
17.77
27.67
16.68
16.87
20.44
16.71
17.55
55.5
35.04
44.25
19.13
21.59
18.32
20.78
18.08
23.85
25.84
24.95
26.52
38.67
25.45
20.8
50.51
20.79
35.6
35.6
18.55
43.13
22.34
17.6
23.87
23.64
32.97
18.34
18.58
20.89
20.46
28.24
16.58
26.87
32.38
25.6
25.11
26.61
27.72
20.17
20.48
19.29
20.84
25.95
38.74
20.34
22.81
19.82
24.83
23.55
21.14
36.13
39.13
43.12
23.81
23.27
29.24
17.7
51.53
39.88
27.98
29.7
23.03
32.62
16.57
24.5
21.38
18.01
29.86
26.61
23.2
19.42
20.31
21.51
24
37.56
24.9
17.87
18.18
19.87
26.35
17.92
22.53
36.08
43.91
33.3
39.57
24.38
25.91
21.42
17.35
16.82
18.83
20.86
46.85
46.85
27.81
15.96
44.45
28.49
23.54
20.77
28.86
21.16
20.02
19.88
21.63
37.69
39.98
25.98
24.51
35.79
26.58
29.6
52.6
21.5
17.33
16.96
19.74
23.3
19.47
20.8
28.02
20.39
18
22
21.39
19.65
25.65
34.11
16.31
16.37
24.5
19.69
47.7
21.69
25.74
26.78
29.9
17.88
25.59
18.51
25.17
30.19
20.99
40.52
18.63
26.62
26.87
23.53
19.64
24
41.82
20.79
28.57
25.71
22.72
20.27
39.36
26.37
24.47
55.13
20.32
23.95
29
22.79
39.51
39.88
18.7
20.04
17.68
26.1
19.22
36.64
17.9
19.06
35.14
24.97
31
40.07
34.36
16.38
20.93
25.94
32.93
18.86
22.48
22.85
39.58
43.52
19.61
18.5
31.18
45.4
37.79
34.49
18.54
21.89
18.16
19.2
20
42.44
42.44
26.51
19.65
20.67
20.06
32.38
27.63
30.84
25.29
19.98
30.77
20.75
61.26
18.59
22.19
21.26
21.98
30.83
22.28
19.78
23.38
37.61
22.29
29.16
27.94
21.02
27.5
24.63
42.26
31.06
23.45
46.13
38.5
20.16
20.24
44.33
23.54
41.74
26.78
29.59
25.7
29.59
49
24.99
32.15
20.97
38.84
25.98
22.07
18.91
19.89
18.85
22.6
24.33
18.34
18.76
19.21
19.43
19.49
29.8
23.84
19.23
18.39
26.44
14.98
20.32
33.45
39.08
39.24
25.97
18.61
19.81
17.62
23.97
22.29
20.81
21.85
21.48
25.6
27.18
15.9
23.89
34.65
22.17
22.95
47.06
40.53
28.54
26.02
21.25
31.67
24.48
23.76
21.94
20.14
39.57
19.21
20.97
16.5
20.37
22.06
25.56
22.63
19.87
22.14
29.34
17.22
20.38
19.38
23.91
20.25
19.46
20.72
22.94
17.44
19.82
20.98
24.45
19.88
20.28
26.77
22.6
19.8
27.55
19.36
23.61
25.87
34.84
16.38
28.31
31.54
18.75
22.57
34.66
20.97
15.42
20.2
29.36
24.91
18.66
24.09
19.89
18.4
24.34
17.3
23.97
20.31
25.62
24.56
26.51
18.61
17.91
28.85
21.75
22
28.71
18.92
19.92
19.23
13.64
27.72
20.01
20.34
20.1
23.27
31.98
19.14
24.87
19.62
20.42
20.73
17.21
21.77
17.93
19.97
35.06
28.4
16.95
15.58
23.47
19.63
19.66
16.2
22.06
20.15
21.17
20.64
20.8
20.69
22.34
33.6
23.56
22.46
31.37
20.2
22.69
21.85
28.88
24.64
28.96
21.01
21.85
33.12
8.15
27.96
25.62
13.98
23.59
31.3
23.07
14.98
21.06
19.32
33.39
20.32
23.9
21.64
31.36
24.64
21.6
20.52
24.76
41.94
23.37
27.27
17.94
13.99
25.49
25.8
23.46
17.83
15.76
18.8
23.35
17.58
24.73
18.38
22.28
15.97
16.81
20.01
19.79
20.36
15.2
29.91
25.05
21.97
26.55
31.13
23.38
25.14
26.51
19.5
17.31
21.17
32.06
34.6
20.45
22.93
28.84
18.35
24.25
22.03
21.25
20.25
23.8
24.97
32.71
22.51
19.57
23.29
22.81
22.66
28.66
26.81
21.02
22.37
19.59
19.29
24.27
25.91
24.68
17.77
22.43
21.89
25.44
21.42
31.41
23.96
20.26
28.73
40.32
23.85
20.87
18.17
15.44
33.14
13.14
17.57
21.86
23.27
24.64
17.8
18.73
20.41
16.37
17.89
24.47
18
17.83
23.79
19.64
23.49
20.02
21.76
25.54
24.17
15.94
24.08
16.38
34.35
15.95
32.89
22.25
16.12
26.8
35.03
24.59
19.03
25.45
32.23
20.86
17.48
22.04
20.71
18.88
22.51
19.35
27.72
18.36
17.89
23.8
22.63
19.56
20.67
20.37
24.42
25.77
23.44
19.96
19.61
25.46
18.59
17.94
20.57
25.15
18.8
15.91
24.73
23.18
19.86
16.34
20.55
25.75
13.25
19.07
21.02
17.71
32.74
30.54
42.67
22.28
27.19
21.97
24.27
18.09
24.54
21.8
18.3
31.09
22.49
18.84
25.14
22.51
24.01
23.47
19.85
19.46
21.59
25.05
19.37
22.67
23.87
19.21
19.84
21.94
21.02
24.63
18.17
25.47
16.85
18.51
16.04
20.7
17.36
13.36
14.91
31.7
20.86
21.24
23.2
18.92
21.72
22.85
18.9
20.24
16.81
19.52
24.7
20.78
18.89
25.04
23.07
23.77
26.4
21.86
21.46
22.84
37.54
19.17
16.12
21.48
18.96
20.02
25.53
22.55
18.8
21.63
23.48
19.3
21.9
22.11
22.11
15.85
14.4
34.09
39.38
31.55
23.93
23.67
29.7
20.78
25.07
30.54
22.12
18.61
22.77
18.24
16.53
16.44
18.9
23.75
18.82
30.73
18.13
21.13
18.7
22.64
21.55
19.97
20.2
25.26
22.54
20.25
16.98
22.43
34.21
23.92
27.68
19.07
24.96
33.91
17.84
16.18
20.84
25.16
20.75
27.91
19.56
19.51
25.02
22.92
17.78
18.65
14.96
26.38
23.12
38.63
21.49
16.81
30.9
32.64
22.51
29.36
40.24
29.36
18.61
17.32
30.44
24.9
17.53
23.36
18.43
19.55
23.29
24.07
22.1
23.07
20.61
35.33
20.08
18.4
21.73
19.72
25.52
24.36
19.64
19.85
21.35
23.65
15.64
32.25
18.89
15.77
29.91
38.32
16.34
39.37
20.48
14.05
14.45
22.74
13.17
18.65
18.18
21.3
22.58
22.05
19.08
21.17
20.62
24.54
18.52
24.18
21.26
35.73
22.51
22.65
25.91
31.47
21.45
19.11
16.48
19.38
26.6
25.45
33.38
21.73
23.38
24.6
21.75
17.31
27.91
24.98
26.08
25.75
25.6
23.78
21.41
20.51
18
17.62
19.99
24.97
27.72
19.35
19.29
18.48
19.22
18.75
38.76
15.55
23.74
22.29
20.38
18.2
25.41
16.52
23.34
21.46
31.24
18.54
14.12
29.95
31.85
23.21
17.57
18.06
21.23
25.25
19.27
20.57
18.01
21.13
23.7
22.34
20.45
17.53
20.11
21.44
19.55
26.51
27.95
21.69
23.46
17.79
20.96
20.02
22.28
17.02
14.41
18.37
24.42
25.58
20.06
29.75
21.8
31.26
26.7
19.91
38.46
17.28
22.99
37.4
18.05
26.1
19.41
29.62
38.25
29.42
26.72
21.52
18.7
17.54
20.85
29.41
25.17
20.65
27.06
17.86
30.87
23.89
18.95
19.35
16.93
18.31
19.5
24.82
19.79
26.97
28.18
23.45
17.88
18.39
26.23
28.85
22.73
30.39
20.98
28.33
57.47
18.62
20.46
20.77
20.86
17.56
24.94
16.45
17.99
17.74
18.51
16.98
25.49
20.43
26.65
17.26
20.69
23.2
24.27
33.07
20.49
41.87
20.71
22.12
18.08
23.11
31.13
17.52
20.86
24.24
41.52
38.88
24.67
29.57
21.54
18.58
16.34
15.84
28.42
30.21
30.34
20.97
14.54
15.69
13.22
15.46
22.61
18.69
19.39
19.69
19.26
23.62
23.04
14.73
20.81
16.12
42.6
25.46
19.14
24.64
19.06
22.13
24.56
22.39
21.74
18.2
25.63
32.16
32.46
32.79
23.56
22.91
35.44
14.59
20.76
19.07
18.78
24.71
21.95
20.08
33.77
16.34
15.31
20.94
19.5
35.56
26.34
27.47
22.8
22.36
16.06
22
15.67
22.47
17.23
44.11
24.38
17.76
20.24
23.66
23.18
24.74
23.85
18.57
16.58
28.17
16.99
22.07
20.03
19.11
26.69
27.28
22.56
27.1
19.83
17.71
31.58
20.36
35.93
42.25
16.15
20.01
16.11
14.62
20.84
21.67
18
21.94
24.58
36.01
32.93
25.91
17.59
22.4
24.62
19.57
22.16
24.51
25.27
22.18
22.6
24.8
25.03
18.63
21.57
19.3
17.31
22.74
27.47
23.29
19.92
23.61
20.6
13.79
16.33
15.08
20.51
21.92
16.35
22.7
23.53
19.39
22.24
20.04
20.01
24.08
14.32
28.43
21.51
25.45
28.66
21.94
31.89
33.31
16.34
34.26
17.24
20.04
16.06
21.26
22.37
19.04
18.73
15.34
23.14
18.38
16.73
31.43
19.59
15.71
18.65
19.76
18.43
17.57
31.57
27.22
18.64
37.46
27.76
32.17
32.87
21.86
33.97
16.72
24.21
26.79
23.29
24.64
20.91
24.61
22.2
19.67
23.4
20.54
19.8
18.21
40.22
15.68
23.58
27
22.42
25.18
35.88
28.2
39.99
25.17
17.52
17.89
18.4
32.04
16.97
21.44
23.59
21.95
38.89
19.02
22.79
31.35
16.74
20.51
18.31
21.82
19.65
21.35
21.72
23.56
24.16
17.74
19.87
22.94
38.74
48.48
17.17
20
20.62
16.21
19.27
24.66
37.46
17.05
17.03
19.95
30.96
20.48
18.37
35.84
19.36
27.39
16.2
33.16
16.68
19.59
21.5
34.35
26.07
21.87
25.11
21.23
33.62
24.73
16.02
14.64
20.41
16.04
15.14
19.06
22.87
21.65
19.27
26.94
22.37
29.74
26.48
20.84
19.97
19.71
26.43
22.2
27.3
23.69
22.06
23.56
21.77
22.51
19.61
18.95
30
21.5
31.03
18.83
19.38
34.84
47.71
20.74
50.93
15.95
16.79
22.81
34.45
30.21
20.82
27.03
22.66
29.92
20.63
19.82
23.92
23.91
28.34
27.06
31.62
24.17
22.49
16.41
15.33
16.09
15.84
17.79
24.66
31.3
20.11
29.49
16.77
18.84
21.31
19.3
26.13
28.3
16.97
17.41
15.08
31.59
19.87
17.08
24.59
22.94
18.41
28.29
23.35
18.15
24.58
22.75
25.95
31.53
22.98
16.77
24.32
24.06
18.63
26.34
17.87
32.42
17.21
23.45
23.75
28.76
22.6
17.48
22.89
23.16
24.42
20.29
17.05
23.57
20.38
15.76
22.12
24.94
23.26
16.62
16.38
29.54
25.29
20.13
28.92
15.66
21.94
24.2
24.89
17
27.92
14.41
20.47
20.18
25.85
17.34
26.95
43.57
31.66
23.92
19.43
22.76
28.82
18.31
27.29
22.92
22.47
21.71
17.63
19.93
19.83
21.94
14.2
14.56
25.31
22.89
34.02
34.31
18.02
20.2
23.96
19.98
19.59
24.37
27.39
19.06
15.3
24.32
18.67
19.74
18.55
17.03
18.25
26.5
22.13
17.67
26.49
32.11
18.08
31.41
26.22
19.01
17.8
26.21
22.92
18.59
24.88
22.82
19.39
43.48
17.8
19.33
17.69
27.57
22.41
49.05
32.35
20.47
27.81
30.57
22.75
35.76
18.93
17.47
20.28
15.53
24.03
25.36
20.05
21.72
27.61
19.23
18.99
22.01
21.17
22.1
24.56
26.26
34.7
19.14
29.62
29.71
14.86
19.67
26.85
26.43
27.21
31.66
29.4
19.23
27.47
35.04
28.89
29.38
34.52
36.47
32.43
17.4
29.06
21.72
18.39
25.35
22.13
16.27
25.33
15.44
24.33
16.79
22.51
20.61
19.5
14.34
35.88
35.35
41.74
17.56
18.17
24.78
25.57
30.95
19.53
18.67
19.54
25.35
19.28
35.56
25.14
43.88
17.07
17.01
19.44
21.74
20.06
16.25
17.13
33.57
29.55
32.04
20.91
22.05
18.97
28.03
30.1
16.1
14.49
14.43
19.97
15.72
43.52
23.84
25.68
35.65
19.12
18.76
29.66
20.56
15.37
22.79
17.63
16.35
17.12
34.66
17.58
22.23
35.61
22.46
25.65
22.85
24.83
22.65
26.25
25.34
23.47
22.34
25.49
20.1
28.39
30.49
31.34
28.49
24.21
19.66
26.87
22.89
19.62
19.2
28.91
17.92
22.6
31.44
22.92
14.19
19.7
17.3
16.3
39.72
26.72
26.05
23.25
18.95
19.75
18.41
20.38
36.13
24.3
25.7
19.5
13.76
20.46
17.01
18.28
20.41
28.57
32.21
33.13
23.46
18.29
35.57
17.02
27.99
29.88
20.31
34.28
29.64
23.42
19.32
21.12
25.97
37.32
17.27
24.41
31.87
20.01
19.85
14.89
22.29
28.94
21.7
20.64
20.82
19.55
27.89
20.91
39.56
22.79
19.37
17.51
18.97
19.61
22.99
16.1
18.47
25.39
19.36
17.53
28.59
32.88
32.24
24.83
21.67
44.35
19.67
24.27
21.14
32.92
20.48
24.75
17.94
19.53
34.79
25.36
37.63
19.75
35.74
18.41
20.62
22.02
17.92
19.36
23.91
18.66
17.78
28.08
37.91
29.58
16.78
28.9
22.78
25.04
31.59
22.32
20.15
19.55
30.81
33.47
16.19
18.38
20.75
22.71
19.98
20.1
18.25
22.06
33.94
27.96
17.34
28.59
17.61
37.19
27.66
26.27
25.95
19.09
24.02
26.59
40.46
26.86
28.84
29.07
20.11
24.07
17.98
25.75
21.31
29.34
29.4
27.07
32.02
26.38
18.49
23.19
18.45
31.48
25.41
21.85
20.1
21.89
20.1
21.9
21.92
24.05
29.15
27.82
21.16
17.65
19.05
22.29
16.37
24.33
21.74
23.41
32.93
25.4
22.82
18.2
15.69
32.65
22.06
33.45
32.91
19.22
22.12
19.97
21.84
19.83
36.24
15.35
28.67
33.43
31.26
36.43
28.97
21.14
20.11
32.81
15.86
18.73
18.86
19.37
19.29
19.86
18.75
19.46
21.22
25.66
18.77
21.48
20.55
18.17
38.45
18.89
22.61
21.1
20.85
20.33
24.4
40.67
19.98
25.46
15.8
25.66
20.73
23.58
31.58
28.27
23.11
26.31
26.6
23.04
21.87
25.04
19.65
16.24
22.25
26.29
19.69
18.75
16.27
18.29
22.49
17.8
29.58
17.15
22.7
19.49
27.06
14.81
42.45
20.85
19.41
26.48
34.63
41.89
29.54
33.43
26.59
27.54
24.99
25.43
38.14
30.07
28.11
19.61
29.07
20.71
24.45
38.72
24.57
23.06
16.39
15.72
24.55
18.18
18.98
20.8
19.01
24.51
18.36
15.48
17.54
20.17
13.78
20.72
16.81
28.71
51.36
44.13
27.64
22.7
16.61
20.69
16.12
19.53
17.93
17.16
34.86
34.45
20.34
25.82
18.68
24.14
20.45
19.81
19.47
19.57
17.17
23.06
32.88
29.11
28
23.73
38.41
17.33
33.36
24.46
19.82
16.54
19.65
24.02
21.92
21.62
23.81
18.77
22.66
25.61
22.39
31.18
25.79
28.97
36.48
22.05
18.54
38.9
17.06
21.36
48.33
41.98
25.05
23.36
17.38
19.33
15.85
18.07
20.29
25.56
23.34
23.98
20.24
19.29
23.25
31.21
19.85
20.94
15.59
18.98
21.68
37.18
19.93
26.03
25.59
25.92
23.04
20.45
20.8
20.7
23.37
25.69
24.62
18.92
25.23
15.66
24.53
44.13
46.68
26.48
21.05
20.22
24.42
18.28
15.35
19.06
20.79
19.71
23.43
20.75
15.41
25.85
29
19.29
29.23
26.81
18.73
37.03
20.79
18.08
17.09
21.37
27.73
36.83
17.86
27.79
19.94
27.87
27.75
23.88
24.21
53.59
39.37
20.42
19.28
17.46
21.14
20.62
15.97
17.95
58.17
23.37
22.17
17.95
22.09
19.06
15.37
18.72
20.26
14.67
21.36
40.92
19.82
19.14
19.07
21.48
21.35
32.36
31.6
32.17
17.75
16.68
17.06
20.45
62.11
20.79
16.09
29.21
18.24
20.5
19.71
29.02
15.86
20.67
20.05
22.18
19.05
25.59
17.18
15.88
17.8
22.06
20.44
41.53
16.42
19.91
22.32
38.81
28.06
32.2
22.98
28.62
21.48
27.19
39.57
34.92
37.5
37.46
33.5
33.15
31.22
15.32
44.26
28.42
24.44
21.68
35.01
30.22
37.22
19.2
22.15
20.16
21.11
17.49
14.82
23.12
33.63
23.06
21.87
20.1
26.44
20.7
21.78
25.62
29.02
15.52
20.63
25.09
24.39
22.12
44.64
23.43
24.21
22.98
31.07
24.26
22.61
18.76
25.64
37.66
25.22
39.31
21.43
23.27
22.04
22.19
15.67
32.71
36.35
21.54
33.08
20.58
27.68
29.89
19.38
26.18
27.82
21.31
43.59
16.48
18.71
26.86
28.58
20.84
25.22
21.65
33.16
23.73
24.74
19.25
17.46
17.97
17.69
24.01
24.18
16.34
21.69
33.71
23.2
24.86
23.56
22.12
34.16
25.52
34.98
19.58
24.68
22.12
17.52
22.17
21.69
16.33
20.41
17.12
29.38
24.25
24.28
19.12
21.59
22.88
28.41
16.47
26.32
23.6
23.43
18.7
17.78
31.27
24.11
22.8
24.41
21.47
19
19.24
21.68
20.08
39.15
29.21
20.52
33.57
23.68
28.02
23.13
15.09
23.55
18.59
28.53
28.93
23.13
17.67
25.17
40.6
23.38
19.32
20.49
19.49
17.42
21.42
32.04
24.06
15.23
23.98
24.53
21.15
19.54
21.12
17.79
19.16
26.55
23.32
20.22
19.84
16.18
18.74
16.81
27.9
19.67
25.04
17.95
26.59
19.92
16.53
17.95
17.48
16.28
25.56
21.3
28.8
20.25
22.63
32.64
17.41
36.04
28.01
21.43
19
23.57
19.05
21.53
24.08
20.54
19.75
19
18.65
16.39
16.47
15.72
18.17
30.09
24.98
30.41
20.77
22.69
18.81
20.92
27.36
23.62
28.95
25.33
39.36
23.51
25.33
14.01
42.58
16.76
14.81
29
20.46
20.11
19.43
19.83
17.84
18.73
36.07
18.96
31.49
15.18
45.72
17.38
25.82
25.03
21.86
22.28
22.16
17.9
20.31
19.78
18.3
26.25
16.67
15.07
32.39
27.02
25.89
38.65
26.27
15.64
26.31
33.76
24.3
28.13
19.27
24.92
21.59
20.94
27.21
27.96
27.01
21.14
23.87
23.33
17.6
22.76
26.38
30.62
22.07
17.83
20.78
20.61
15.21
15.73
21.76
23.01
16.82
29.4
34.59
25.55
27.61
26.36
22.4
19.75
20.85
19.2
23.82
26.43
24.03
28.09
21.43
28.38
17.74
24.54
20.84
20.45
19.69
16.9
18.1
17.75
27.48
20.03
17.87
25.62
24.61
17.21
16.82
44.99
22.44
19.82
22.05
58.36
20.64
19.02
21.58
16.59
17.75
24.76
31.56
25.54
26.89
27.8
19.96
20.05
26.26
24.65
25.72
18.29
32.5
17.32
17.79
25.35
17.56
25.46
17.08
20.11
24.63
21.54
18.48
23.92
27.67
27.53
25.76
26.5
21.41
21.6
24.9
32.3
19.95
15.98
17.31
19.57
40.68
26.46
25.09
20.01
24.21
36.87
42.1
36.08
15.83
22.09
40.29
15.22
22.25
14.91
17.01
30.27
40.38
21.8
26.8
18.79
18.74
36.71
20.75
19.81
37.6
30.59
18.78
22.74
21.55
29.88
30.92
22.51
21.03
30.01
19.07
19.08
20.35
19.5
24.36
26.12
17.15
24
21.1
29.3
18.08
28.91
17.61
18.87
23.73
19.65
34.29
25.47
24.24
36.67
23.39
30.21
19.56
20.97
24.82
17.04
20.08
16.45
27.05
32.41
22.5
32.22
26.94
21.16
38.63
32.85
29.8
20.78
19.38
23.37
18.84
33.9
18.98
24.42
20.86
14.58
14.56
21.43
22.76
26.81
18.05
19.33
21.46
18.25
24.46
22.68
15.34
21.05
32.88
29.31
29.86
15.39
19.96
32.51
16.51
26.46
20.09
18.18
20.44
24.08
21.61
30.22
21.55
20.66
21.37
17.67
20.9
22.15
28.64
13.09
22.98
42.28
33.93
16.29
22.97
41.97
20.59
18.07
21.01
19.95
29.12
19.49
24.67
21.93
31.36
23.04
26.28
20.5
25.74
15.4
19.25
30.11
23.56
18.81
16.74
22.33
22.23
19.09
19.32
25.33
13.17
14.73
19.22
49.71
17.34
16.59
21.37
38.02
21.57
34.54
19.95
18.87
19.03
22.79
21.72
20.08
24.8
16.09
18.34
21.5
23.23
34.49
30.72
23.89
34.21
26.42
15.22
22.46
20.13
19.47
13.13
15.71
19.87
24.56
22.44
33.13
24.68
37.39
21.85
20.34
20.22
24.65
21.22
25.3
23.62
22.33
24.15
21.36
18.16
22.58
20.56
21.82
20.03
31.73
27.61
14.7
29.29
18.93
20.14
18.18
24.51
19.95
24.88
23.99
16.09
28.49
24.2
26.9
23.42
31.01
23.45
22.35
23.2
20.73
22.86
22.91
22.41
27.64
27.29
16.47
20.76
21.5
14.95
25.8
17.4
21.96
20.29
25.77
49.46
22.69
26.36
15.96
18.14
17.54
19.05
16.28
27.07
27.51
31.99
16.41
28.11
20.37
19.07
27.96
26.01
25.45
27.87
14.32
19.29
26.47
21.17
20.99
18.27
25.39
40.05
24.75
42.94
36.12
18.66
20.28
43.34
40.69
20.6
46.4
22.47
19.95
23.1
19.88
23.19
19.1
17.55
19.3
16.46
21.45
18.2
19.06
17.86
22.43
22.91
22.12
31.5
29.8
16.94
22.08
15.61
28.07
15.98
32.78
19.78
15.26
35.96
28.49
19.59
22.52
28.06
24.46
33.05
19.44
17.6
19.92
24.19
32.05
24.08
22.3
23.41
20.9
18.79
24.54
18.06
17.03
20.71
16.5
20.13
22.99
25.71
32.18
23.99
20.67
25.87
26.24
31.56
23.51
20.61
17.58
20.86
18.63
29.63
17.75
37.18
36.59
17.23
24.05
26.52
16.07
18.08
16.58
24.33
15.82
21.34
31.45
26.73
15.67
27.98
26.82
18.97
20.08
16.05
19.56
16.57
38.72
26.88
27.27
20.74
36.32
38.9
19.12
22.48
24.94
18.31
18.75
35.23
31.96
16.04
15.62
23.57
21.1
30.93
33.73
54.06
24.55
22.88
29.57
27.36
17.27
20.08
16.62
17.15
32.52
53.57
20.63
22.88
25.2
21.55
21.58
18.13
39.36
41.46
18.44
20.22
17.03
24.86
24.77
26.21
22.58
22.58
22.29
21.9
19.91
28.45
36.28
21.47
26.02
19.24
19.04
18.84
19.55
20.01
18.99
21.46
18.48
19.95
22.1
21.43
29.48
20.89
24.69
19.9
17.8
19.65
21.25
25.11
16.81
19.74
20.9
19.99
20.19
16.08
16.64
17.86
22.9
19.36
30.86
19.74
20.02
34.47
17.33
28.51
25.79
20.71
19.82
27.1
26.88
26.32
18.59
21.42
24.01
19.37
26.14
20.57
22.03
19.72
19.81
17.17
21.23
18.6
22.92
38.2
16.24
32.66
26.37
17.14
27.13
17.66
14.31
20.76
28.49
28.65
19.93
45
33.67
29.42
28.04
28.92
15.5
21.27
17.64
21.43
20.44
16.86
17.62
30.78
19.12
38.18
20.26
22.17
23.24
18.99
23.52
25.26
28.25
20.3
24.84
21.8
23.5
19.18
31.75
15.98
19.18
19.75
16.94
26.41
19.57
19.56
18.88
43.74
22.07
19.27
18.91
20.42
22.9
18.92
17.14
18.08
31.46
25.96
15.56
18.57
18.11
22.67
18.76
20.39
23.16
30.35
25.51
15.41
20.35
20.3
23.71
21.13
27.45
19.7
29.95
17.62
19.07
45.94
21.13
19.55
32.42
22.88
19.4
23.04
23.31
19.64
20.88
23.28
21.24
22.67
30.9
26.35
23.38
19.29
25.92
27.03
28.17
18.29
19.56
20.25
28.4
22.49
26.98
18.27
19.73
18
15.5
33.71
22.73
31.05
17.71
22.59
16.34
19.79
20.98
18.86
27.11
26.16
14.95
29.42
16.99
28.18
22.37
16.28
28.55
23.7
24.56
17.33
27.67
19.64
37.9
21.17
19
15.88
21.35
16.15
19.07
16.33
27.14
18.66
20.98
25.27
22.65
18.29
22.84
17.69
18.29
16.2
21.15
17.75
16.69
19.22
28.48
51.07
20.05
19.01
18.03
23.69
20.25
19.59
25.69
18.15
23.02
20.23
27.13
13.3
44.69
17.96
27.21
25.33
18.97
17.67
21.7
17.06
31.16
26.72
19.49
22.3
13.8
17.02
22.35
17.59
19.06
21.41
16.74
16.54
35.39
16.12
16.09
25.4
17.4
17.94
15.3
18.97
18.25
32.81
33.39
19.27
30.52
30.26
16.56
26.6
19.43
20.59
43.22
22.74
20.95
19.43
19.98
19.27
18.89
18.83
18.83
20.69
16.97
16.21
24.02
15.65
18.7
26.83
19.96
25.99
21.49
23.33
25.43
19.19
29.1
20.02
21.76
22.72
22.19
35.62
27.98
31.16
21.04
22.67
20.55
25.42
19.45
22.99
17.14
31.46
50.03
34.55
21.7
21.23
31.58
27.09
23.87
18.48
18.61
19.53
30.23
15.86
43.93
22.54
21.1
17.04
20.65
20.04
30.97
18.09
22.54
23.11
30.63
27.87
17.71
26.84
18.45
30.43
20.09
20.02
29.29
22.6
21.56
25.91
30.13
22.65
25.05
20.25
16.63
26.53
23.48
20.16
24.41
19.21
16.09
22.13
23.35
15.5
25.22
19.49
19.6
18.85
23.66
18.98
14.59
28.49
26.99
21.35
27.47
54.89
31.93
24.28
20.97
20.75
18.03
23.94
30.21
40.77
26.03
31.08
29.23
20.41
27.2
26.56
30.98
21.37
24.64
19.26
22.31
18.59
33.77
28.03
16.9
14.14
14.94
17.1
30.68
15.63
23.81
19.7
19.36
26.32
21.54
14.51
14.87
26.02
21.13
23.39
13.98
21.02
18.07
47.83
29.07
33.31
27.74
21.85
24.45
26.51
17.8
24.65
26.25
25.19
19.61
25.91
16.83
16.87
16.18
14.7
19.07
20.85
22
24.54
33.16
18.55
29.82
17.97
27.46
23.2
26.25
25.44
27.22
21.87
31.22
27.61
25.43
31.55
31.04
22.57
26.61
15.62
19.09
21.69
29.85
18.94
21.69
24.69
18.82
24.57
20.53
22.63
40.97
23.38
23.87
22.95
21.64
22.81
37.55
24.76
35.7
18.44
21.83
18.88
19.11
20.16
17.52
14.76
31.57
26.74
15.38
22.5
17.02
22.77
20.04
32.44
18.26
18.32
31.84
17.55
16.62
18.35
17.19
22.16
28.2
24.59
21.76
20.35
18.72
17.56
18.36
15.71
21.46
22.6
22.73
22.86
17.58
20.09
18.64
19.6
16.29
27.88
21.88
23.85
26.46
23.82
28.06
34.98
21.12
25.62
23.66
21.72
22.41
20.08
20.93
26.7
16.53
19.09
17.72
17.99
16.73
17.64
20.79
27.41
37.67
23.04
40.4
21.63
25.09
19.67
20.99
22.83
15.67
23.04
18.47
17.28
23.37
14.24
27.24
33.06
20.29
42.14
25.28
17.58
34.61
22.03
43.04
36.43
26.11
16.77
20.28
19.76
26.52
38.72
18.71
16.23
17.85
30.76
16.15
26.81
31.85
16.29
22.22
23.21
20.02
30
21.6
23.46
47.37
21.61
19.38
25.46
22.81
23.32
18.89
30.02
35.24
32.87
43.44
21.74
23
31.04
29.4
14.64
69.95
47.28
29.75
19.55
19.54
23.51
16.83
16.15
25.52
57.13
24.95
33.5
33.99
23.87
22.09
22.02
27.84
16.16
5.63
19.29
29.49
28.79
18.83
16.31
23.18
40.33
30.12
21.72
24.8
18.55
26.02
17.48
25.94
20.56
20.33
23.6
29.75
20.77
16.68
21
15.14
16.99
22.92
20.17
25.75
32.84
28.03
15.88
25.22
27.16
28.99
19.97
20.32
36
20.05
29.82
23.75
29.19
41.84
30.01
34.01
22.91
18.02
48.41
20.54
27.51
18.56
19.26
24.57
18.9
21.71
29.39
30.52
23.45
17.34
25.02
18.76
18.7
27.28
27.75
17.79
21.65
25.4
21.54
15.28
23.76
17.56
33.37
14.22
22.52
36.91
25.06
25.38
23.85
16.36
20.67
22.51
24.73
19.19
21.58
34.83
23.1
21.63
18.21
22.04
19.41
31.46
26.66
21.86
20.77
44.54
16.35
42.23
15.97
34.32
30.35
24.36
27.35
15.1
19.26
16.54
20.84
24.91
18.72
18.34
15.5
23.7
18.33
23.99
24.51
16.02
20.91
18.86
20.55
20.48
22.59
22.73
18.46
19.03
20.45
37.81
29.65
36.21
27.81
28.64
35.65
17.06
24.5
36.77
22.13
24.65
15.54
35.9
17.57
23.9
25.23
26.61
15.34
25.08
24.08
17.49
14.57
25.48
25.73
23.63
22.55
14.82
23.39
22.15
18.6
15.17
16.64
21.28
29.17
40.94
27.63
22.78
19.52
18.6
16.67
22.87
24.8
22.74
24.05
31.19
27.23
21.74
15.36
31.07
31.02
32.14
17.97
22.05
28.93
34.37
36.93
33.41
17.53
27.44
21.97
21.58
19.77
20.84
28.04
18.05
22.06
19.67
25.03
16.23
25.97
30.31
28.42
17.5
21.99
22.93
17.82
15.99
29.57
23.27
26.72
16.2
23.73
32.49
25.88
24.25
16.69
15.98
15.27
15.68
13.55
20.09
16.53
25.49
33.98
18.09
20.2
26.95
29.73
29.02
23.12
20.83
22.18
20.98
31.93
22.32
31.39
29.99
19.97
16.84
21.53
27.52
20.67
18.81
35.35
18.78
18.23
26.68
15.07
22.76
40.32
21.69
20.8
13.94
14.37
20.13
23.69
16.87
16.21
20.33
27.99
27.77
37.75
20.59
28.33
52.47
22.95
14.35
29.51
32.91
48.81
15.58
20.74
19.41
16.9
25.49
30.45
24.05
27.24
38.36
34.38
35.54
21.89
21.51
38.56
19.26
16.62
22.56
17.57
18.51
25.98
34.82
23.42
17.65
37.19
26
22.75
35.98
19.01
23.36
21.7
19.06
25.5
23.63
26.11
27.56
28.88
20.96
19.54
29.06
20.84
20.92
19.59
15.85
15.83
33.87
34.03
26.9
27.41
24.31
17.74
21.03
29.45
38.54
18.13
19.75
19.37
20.65
14.73
18.5
35.56
17.69
44.58
21.65
33.22
25.08
23.88
17.13
19.76
33.27
22.15
19.03
16.22
18.31
28.71
25.82
25.47
25.38
21.12
23.03
20.45
20.7
29.51
21.47
13.69
18.3
22.06
22.95
29.34
15.67
23.53
26.95
41.82
30.41
30.64
44.77
16.37
33.2
41.15
14.32
16.48
23.9
23.93
47.04
29.07
20.71
21.77
22.63
22.46
17.51
22.85
27.03
25.46
23.41
18.07
36.62
14.49
17.91
18.22
16.41
28.98
23.55
20.99
39.77
19.12
19.05
42.22
21.89
17.32
20.06
37.02
28.41
25.75
35.78
11.54
17.93
17.72
23.11
29.75
23.99
17.84
19.76
17.52
17.76
23.99
19.46
17.82
34.11
21.22
42.13
35.48
32.46
43.25
21.68
26.82
22.65
23.53
26.06
20.99
15.72
15.13
18.7
21.17
17.56
32.01
15.07
15.58
36.77
15.32
18.18
19.22
23.12
21.82
22.13
29.06
18.71
36.62
22.78
33.14
16.24
19.99
15.98
17.49
34.16
21.37
16.05
16.13
19.12
32.43
30.31
22.57
19.87
24.66
30
21.34
16.66
17.37
21.31
18.95
24.37
25.73
18.76
18.6
19.54
18.7
26.25
28.86
32.17
39.99
27.33
20.05
15.35
18.96
19.61
24.94
32.68
20.59
43.98
16.26
20.68
24.9
29.3
31.17
25.42
19.17
20.74
23.56
35.53
18.71
29.15
23.92
55.49
24.15
21.8
21.27
24.81
20.39
20.74
22.42
13.54
38.99
26.63
15.86
16.49
23.31
24.68
31.45
32.74
42.56
40.26
16.06
22.48
30.3
30.45
21.02
23.52
34.53
25.9
33.53
35.1
21.65
22.51
27.4
20.84
42.16
27.31
21.39
30.2
28.58
20.66
16.74
19.01
22.02
18.86
20.19
39.79
36.85
18.77
19.13
15.98
18.95
23.39
17.65
31.73
25.12
28.9
16.54
15.69
37.39
27.16
38.82
18.48
29.66
19.57
16.9
26.49
37.18
16.75
17
28.22
23.83
18.5
20.88
23.09
20.85
19.31
23.02
27.38
25.13
19.38
39.9
15.84
24.48
39.55
17.97
29.89
19.93
17.15
36.43
22.4
21.04
29.37
26.4
23.27
20.94
32.4
20.3
15.84
21.85
23.96
17.52
18.8
28.97
19.11
20.69
34.54
35.63
25.52
27.64
33.79
19.13
19.34
17.08
15.31
40.76
23.3
20.79
18.42
21.38
24.62
22.79
21.64
45.05
18.65
29.61
34.07
20.54
20.79
16.87
36.79
22.4
19.24
32.47
28.03
20.07
19.75
28.27
18.19
22.88
25.78
29.69
17.72
15.1
20.06
24.78
20.22
25.14
28.07
27.23
22.22
32.91
20.19
32.14
31.4
15.95
23.64
19.03
26.72
24.97
18.73
23.25
26.93
28.57
18.8
16.75
16.87
20.09
22.35
16.74
14.4
49.16
25.53
51.36
23.37
55.33
21.71
19.58
24.43
14.12
20.76
33.41
26.52
14.66
22.71
32.93
25.47
18.58
18.82
18.41
20.05
19.24
19.07
18.52
19.03
18.71
18.24
19
23.6
18.99
19.04
19.67
21.8
21.88
18.47
18.38
19.61
19.11
18.27
19.82
18.4
19.01
18.45
18.55
18.76
18.3
18.36
18.89
19.03
18.13
19.06
18.21
18.52
18.71
18.22
18.19
19.03
28.72
22.35
16.95
19.72
18.77
18.69
19.18
19.58
19.38
19.15
18.3
18.17
18.61
18.8
18.42
18.6
18.64
18.97
18.19
18.52
18.54
18.19
18.64
18.21
18.18
19.1
20.45
21.6
20.76
16.7
40.15
21.63
54.78
17.74
31.37
21.4
23.13
17.97
16.08
30.17
19
17.55
18.65
24.19
43.95
16.12
18.05
16.91
16.83
45.15
20.99
22.93
15.26
29.39
24.6
21.64
21.78
26.49
20.01
24.15
20.93
28.24
42.87
29.12
23.36
22.63
32.69
19.84
35.91
23.33
26.45
19.28
16.06
23.55
17.15
23.78
24.48
19.92
16.16
28.14
19.31
31.33
15.79
23.33
17.39
19.51
21.22
17.21
22.71
21.74
22.09
23.7
35.58
20.31
20.93
21.77
25.85
24.9
20.16
30.63
16.69
13.19
17.73
25.81
40.49
19.09
24.53
23.08
22.36
29.43
29.57
22.25
24.69
33.28
23.87
32.66
33.13
19.51
19.24
18.52
18.86
18.66
18.57
18.55
20.09
29.6
17.26
15.69
27.35
15.13
17.95
36.82
19.28
19.2
25.36
37.52
20.35
13.58
27.84
17.96
17.79
29.16
31.16
27.44
22.29
25.52
14.88
20.65
21
19.85
29.18
20.17
25.42
15.94
24.97
25.2
22.54
30.91
16.89
18.79
33.18
21.64
33.71
23.76
22.25
22.89
22.34
16.25
32.02
23.7
30.36
27.31
30.29
19.86
20.04
18.21
15.97
19.16
15.93
14.25
27.43
17.59
26.19
28.71
19.49
21.64
27.78
41.54
40.39
33.61
22.04
18.06
19.5
20.11
20.42
20.7
16.64
14.3
17.18
15.02
17.08
22.35
24.09
27.25
20.49
16.04
39.74
18.22
22.95
22.84
24.93
25.53
42.21
39.62
32.23
22.96
36.91
19.99
17.83
20.74
19.94
18.06
23.26
18.08
26.15
21.59
24.92
28.12
34.05
26.94
34.23
31.37
26.57
19.64
22.39
16.42
33.51
23.2
29.14
23.1
16.29
20.9
32.97
18.11
19.18
19.2
16.02
24.35
39.48
33.26
26.21
40.08
31.25
20.57
19.41
21.96
24.97
33.19
14.75
16.38
16.71
21.96
17.52
19.08
20.34
19.14
25.23
15.57
21.44
25.16
22.24
22.41
25.45
23.3
26.4
30.84
19.2
19.54
33.93
23.46
38.9
18.39
25.51
31.2
24.13
19.93
36.33
32.82
19.66
32.29
34.89
35.36
19.81
21.46
19.28
19.36
26.43
15.87
19.8
20.82
18.51
21.45
16.6
20.91
24.23
15.99
22.97
28.13
17.25
24.93
20.65
18.81
26.03
24.13
24.49
19.7
22.96
21.47
25.83
24.54
17.2
22.95
23.54
25.8
26.64
17.19
38.91
31.91
17.22
34.14
26.25
22.07
27.73
23.42
24.92
29.89
14.36
23.07
24.14
31.33
45.04
19.93
18.92
23.9
34.38
33.76
26.06
15.47
18.43
25.42
24.86
29.3
31.24
20.42
17.71
16.67
28.85
16.11
25.47
40.02
25.12
19.81
20.48
19.95
16.96
19.93
31.59
15.27
23.53
25.26
21.03
26.3
20.4
23.04
24.96
25.15
15.01
38.55
24.93
18.86
25.13
18.35
18.67
25.57
24.95
17.77
17.64
32.74
43.39
24.51
48.77
19.79
17.37
16.64
22.78
20.79
20.37
20.55
18.38
22.18
21.76
23.38
17.45
18.65
20.08
22.79
15.79
19
33.36
22.53
35.86
15.18
27.73
26.77
25.87
31.81
19.48
20.7
30.77
26.94
21.92
20.8
23.65
17.52
22.28
15.76
29.63
19.66
15.62
20.59
18.2
14.88
27.26
33.67
28.47
19.04
31.69
21.46
31.38
24.59
34.28
31.31
39.16
20.91
37.94
26.05
20.76
28.05
14.81
19.89
17.23
17.97
22.57
23.24
23.05
41.62
32.8
18.19
17.47
18.37
48.92
22.59
18.35
18.12
21.85
51.72
18.89
23.46
19.15
17.98
18.58
25.2
21.22
19.09
18.29
20.28
29.25
29.47
20.62
17.48
19.01
29.66
24.67
18.97
21.27
27.41
18.02
25.68
24.35
35.95
30.32
23.39
28.86
25.01
40.07
27.14
17.65
28.62
24.48
25.47
23.85
21.14
19.19
21
21
24.62
23.37
22.45
23.77
18.69
23.82
24.18
37.89
35.3
20.56
35.23
21.83
36.05
23.91
35.33
26.67
29.07
15.96
20.67
16.69
22.4
19.7
26.8
27.94
20.9
18.7
46.59
18.83
15.03
14.58
25.09
22.11
23.73
24.67
16.87
19.52
24.2
25.8
22.11
31.52
20.19
36.91
24.32
14.45
20.45
23.56
43.79
18.05
22.49
16.08
44.5
21.83
23.85
25.34
21.43
24.87
24.57
19.6
28.53
20.56
19.54
22.19
33.26
30.02
23.82
19.05
27.53
27.5
22.75
22.4
24.55
18.11
27.61
23.45
26.92
21.38
29.78
23.81
21.06
21.3
22.33
25.8
19.29
31.95
21.72
23.04
27.61
31.55
28.62
21.47
21.79
19.25
17.37
24.05
33.12
20.39
19.38
20.36
20.33
22.43
27.52
19.2
17.83
19.21
33.39
26.83
24.63
24.01
21.34
20.23
17.26
19.75
21.28
21.59
21.2
24.76
20.05
22.53
25.87
19.8
17.05
21.98
28.96
24.12
25.48
41.4
25.39
25.58
37.99
32.86
20.15
37.52
46.39
22.81
30.62
24.31
21.39
20.42
22.1
23.53
20.52
21.34
21.71
21.85
22.01
32.18
20.51
22.34
25.36
27.3
23.61
22.34
25.53
21.52
21.39
32.13
29.47
15.46
20.52
20.16
22.27
21.08
17.39
16.28
14.79
39.62
17.12
28.37
18.39
19.34
20.58
20.04
20.08
20.52
20.44
23
19.15
26.89
24.94
34.6
23.67
17.77
45.98
32.36
31.35
26.28
30.9
27.12
22.24
23.88
23
22.78
25.26
20.75
22.56
23.44
25.1
32.15
25.21
21.15
33.72
18.8
28.31
21.14
27.51
31.35
33.02
25.77
17.78
29.61
23.22
23.46
24.88
22.72
34.08
21.35
23.44
20.25
18.93
21.15
25.53
28.25
24.71
23.76
28.37
18.92
22.08
22.94
30.69
22.77
24.46
19.5
19.51
26.72
24.09
18.13
19.13
22.35
17.38
22.62
25.61
19.45
26.24
21.69
28.41
27.69
20.2
19.07
21.79
28.14
23.02
26.69
25.85
24.57
25.69
14.82
21.61
21.13
22.78
17.32
29.33
21.14
23.85
23.59
27.58
22.81
21.33
25.29
17.73
21.88
24.91
27.27
23.17
33.86
24.13
20.8
18.33
24.81
21.76
21.66
21.14
28.25
25.38
24.85
22.27
19.38
19.91
25.83
16.84
26.5
21.81
18.25
20.56
21.31
22.52
24.14
31.56
21.36
21.47
27.94
31.73
30.21
23.03
26.9
23.38
21.3
24.8
24.06
23.4
25.98
28.12
26.06
22.16
28.56
21.33
22.39
24.73
24.12
27.54
24.1
21.43
26.48
22.73
21.89
20.93
18.22
18.59
13.95
20.27
22.44
29.63
18.99
23.1
21.89
25.84
32.01
47.24
20.54
36.22
22.05
28.26
24.25
31.65
21.33
23.79
23.5
21.97
25.53
20.74
20.64
23.09
21.66
29.51
26.17
20.25
26.16
26.83
34.17
19.67
21.93
32.7
21.69
19.22
19.12
22.49
23.29
19.18
22.58
26.61
19.78
27.74
25.02
27.03
23.21
27.69
27.95
18.62
19.42
20.78
20.21
16.68
24.11
21.34
17.39
21.88
22.13
23.49
19.93
18.48
22.06
21.57
21.39
18.97
23.61
20.82
19.09
17.7
20.79
28.85
19.46
19.37
14.86
21.47
24.66
15.26
19.05
18.86
17.79
35.27
20.49
22.93
29.18
26.32
23.43
25.57
22.9
20.93
21.62
21.02
19.69
20.07
17.82
18.36
20.15
20.97
19.29
15.78
16.19
19.35
19.7
25.47
17.4
21.41
18.19
18.59
19.77
15.86
25.23
28.7
27.78
39.58
33.41
20.52
29.13
20.64
22.79
25.31
19.49
30.12
25.03
34.6
29.29
29.65
19.81
31.46
21.13
27.38
20.57
19.98
21.33
21.45
21.61
33.99
25.38
30.51
32.31
34.9
27.77
22.2
17.3
21.9
22.23
28.23
25.4
23.57
21.39
21.5
21.8
22.15
27.33
26.17
19.9
21.26
25.42
42.02
27.29
26.68
21.19
22.25
25.26
21.15
20.78
22.44
25.09
16.77
25.52
19.97
18.08
20.5
23.41
23.6
25.84
20.03
32.36
21.29
17.06
23.04
24.54
21.27
21.83
21.21
29.02
28.34
25.79
29.85
29.66
26.96
21.94
23.86
21.61
14.87
21.48
31.5
27.82
24.52
20.45
22.42
28.27
19.85
23.57
21.59
19.12
16.77
24.12
20.64
27.41
31.14
27.43
27.35
21.76
18.82
16.59
19.01
19.33
16.5
17.9
24.15
19.17
24.46
24.56
22.75
21.96
24.93
24.6
18.91
18.48
19.49
17.94
32.56
17.09
22.02
18.62
17.42
24.83
23.64
20.96
31.69
28.18
19.72
17.76
23.47
21.4
31.29
23.36
23.84
21.03
21.88
21.36
24.27
25
18.64
15.98
26.85
18.12
18.39
21.11
25.13
18.75
22.78
19.31
27.17
24.66
23.46
20.05
26.09
29.54
25.94
17.74
27.61
22.63
24.76
20.44
20.07
20.88
22.78
24.47
21.89
22.18
24.46
21.87
20.63
33.18
21.1
21.16
26.05
22.61
23.12
25.97
26.56
21.3
24.11
24.2
34.03
25.36
14.95
14.7
17.5
17.31
19.55
25.41
20.73
28.12
19.62
21.83
25.62
20.24
21.81
19.57
21.52
22.02
24.8
20.07
21.28
23.49
21.82
23.88
24.43
24.44
28.48
21.43
24.2
27.89
23.86
19.56
21.22
21.97
22.57
26.2
18.34
23.36
23.71
25.6
23.94
33.89
24.08
21.41
16.79
24.71
18.36
22.22
22.83
26.37
22.46
18.24
25.44
24.68
21.68
24.91
21.24
23.32
21.91
23.68
27.17
28.38
23.18
25.79
26.69
22.66
23.74
25.81
20.48
22.09
33.4
23.55
19.91
20.4
22.45
24.58
20.99
36.5
17.39
17.61
22.72
16.51
27.93
21.83
24.25
19.52
22.41
22.61
20.05
22.35
22.04
33.22
38.23
32.22
25.19
19.43
19.38
24.96
18.74
21.21
22.02
32.41
23.64
28.07
22.78
24.36
24.76
28.88
25.33
27.47
21.77
22.06
21.31
24.45
20.61
34.6
22.23
23.41
21.06
22.84
22.7
21.84
25.52
23.56
21.13
23.03
22
24.26
23.06
22.23
23.06
23.55
32.69
28.39
21.86
21.14
22.76
25.47
20.13
17.33
19.51
19.32
17.82
22.87
30.06
14.66
19.5
19.23
20.91
17.77
18.66
17.32
19.24
16.31
18.9
23.91
18.55
21.06
24.43
25.6
18.38
20.14
25.33
17.14
22.06
18.97
19.8
20.61
22.23
24.63
22.07
19.62
19.59
24.09
23.97
32.37
34.55
27.52
34.72
22.26
21.59
21.75
24.89
19.18
23.04
24.97
20.6
15.66
20.29
22.62
22.01
26.34
21.66
20.36
20.35
21.69
22.81
24.61
17.56
22.82
22.44
24.58
20.33
18.99
18.51
23.53
19.38
25.67
39.39
42.24
20.7
33.83
33.29
29.68
20.08
20.32
21.78
27.75
20.03
19.62
21.14
23.91
20.04
20.39
34.18
20.34
33.48
20.45
25.25
24.02
20.72
18.32
22.77
37.24
24.95
23.97
23.15
21.06
30.67
35.04
25.8
24.13
40.29
36.59
24.23
29.4
22.19
16.72
24.45
28.36
28.42
24.73
27.61
23.39
24.78
32.84
21.98
19.77
22.09
24.95
29.48
22.83
29.68
19.59
27.87
23.71
29.25
21.43
21.08
21.54
33.01
17.89
24.29
21.42
23.49
34.67
23.54
23.52
21.75
17.69
24.47
25.4
21.89
21.15
21.14
18.28
28.64
28.38
19.03
19.99
22.12
28.21
24.53
31.59
22.09
20.19
20.4
20.94
23.3
22.7
19.16
18.13
21.01
24.15
19.82
22.98
31.46
15.46
21.48
23.23
17.98
21.2
24.46
26
25.68
25.03
18.21
29.14
25.1
32.04
30.99
34.84
22.35
19.37
20.07
20.62
29.1
34.33
21.89
25.64
24.42
24.54
21.81
25.59
21.6
21.73
25.87
17.62
22.4
17.03
22.63
21.42
19.58
21.6
29.71
19.61
27.96
23.76
34.88
25.96
26.17
20.72
17.86
25.66
23.98
19.96
26.29
21.05
24.19
30.53
15.76
24.43
26.51
16.81
27.78
22.38
22.02
24.59
22.21
20.72
22.07
25.96
29.67
25.49
23.36
21.68
27.64
29.94
22.72
16.15
20.45
15.9
20.35
22.29
24.35
23.52
19.99
17.67
20.87
19.33
18.51
21.32
19.12
15.58
19.89
15.61
17.49
16.17
19.79
23.68
30.64
20.14
21.4
20.92
21.37
19.43
24.07
20.38
20.53
23.07
32.5
20.26
22.8
22.97
25.18
31.95
22.87
40.44
24.31
20.57
22.25
24.88
25.96
21.9
29.14
19.3
20.62
25.06
21.86
20.02
18.28
21.87
21.81
21.46
25.13
29.3
23.87
30.88
22.65
21.09
19.79
19.44
24.22
19.52
29.04
20.9
16.81
20.89
23.87
20.32
32.24
22.56
17.75
29.55
21.72
19.09
29.97
27.04
21.44
20.44
25.71
25.95
22.97
23.05
19.99
21.36
25.69
20.52
17.75
23.79
32.66
23.53
25.74
27.07
28.97
23.1
21.95
26.28
21.92
21.28
23.76
19.41
36.51
31.5
22.17
31.34
26.35
34.76
21.05
25.35
30.87
25.86
21.34
21.31
18.29
21.85
20.57
24.19
25.59
18.27
22.66
19.67
24.36
22.74
22.78
29.23
23.41
16.55
24.41
21.57
24.65
23.42
23.9
20.88
29.22
20.95
22.19
18.43
22.44
20.16
17.54
18.78
22
17.71
17.44
16.55
21.22
22.63
19.56
23.12
19.69
34.25
37.63
23.37
19.92
23.99
31.24
21.84
21.68
21.33
20.59
22.23
18.3
22
33.45
20.53
20.68
20.51
21.93
19.87
18.92
20.7
20.31
21.03
29.3
25.31
29.75
18.8
21.61
28.23
27.12
24.52
24.8
28.73
20.96
19.18
22.11
22.95
21.19
22.6
29.99
20.14
24.42
26.82
21.06
21.56
29.17
22.89
24.79
19.75
17.67
18.75
26.53
19.9
24.74
29.31
22.23
18.78
17.61
21.32
22.33
19.7
22.64
21.89
24.19
21.62
16.82
23.45
21.46
23.19
27.1
25.96
25.41
22.25
23.7
22.04
22.94
24.77
25.77
19.66
22.82
26.68
20.81
25.26
23.74
19.16
18.88
29.45
21.21
24.91
23.29
26.28
28.96
26.22
34.27
17.53
19.3
19.45
25.99
20.47
30.67
21.46
21.02
22.11
24.07
22.32
33.42
22.24
22.99
20.51
18.5
25.28
27.66
26.92
28.06
22.33
22.19
19.87
29.52
20.11
27.32
22.83
22.03
23.84
29.06
21.54
22.1
30.14
21.86
19.04
21.67
22.5
24.53
17.72
18.21
20.54
22.6
17.67
20.05
45.52
19.88
30.87
22.02
18.93
20.25
21.71
20.46
34.45
24.13
26.37
26.29
19.7
24.21
25.48
25.48
21.77
20.31
22.5
19.27
21.08
22.64
28.64
24.34
22.75
21.02
18.34
30.78
18.37
16.02
23.71
26.56
28.81
20.09
24.77
30.19
28.27
33.28
21.39
29.32
43.85
18.34
19.48
16.88
22.7
19.66
22.65
22.58
17.2
30.63
20.94
22.73
15.73
21.49
16.97
19.39
20.89
19.89
18.45
31.17
26.83
17.77
24.04
21.19
21.24
21.33
25.28
21.57
17.68
28.36
24.18
27.56
22.77
19.05
24.56
23.67
26.47
28.68
20.33
24.35
33.98
25.43
19.79
22.15
17.93
20.51
21.16
23.9
17.7
24.96
28.11
24.49
39.87
35.06
19.28
22.58
20.82
20.85
20.35
17.24
20.05
23.41
26.51
20.19
21.89
23.21
18.12
20.5
19.13
33.55
17.82
22.16
36.68
23.05
18.03
19.76
19.61
24.18
19.27
29.64
24.65
33.46
33.33
23.46
33.78
25.26
25.3
25.11
26.27
19.79
25.83
23.3
22.83
24.2
27.61
22.99
21.44
21.56
39.32
20.85
23.56
29.96
21.21
20.8
25.14
23.21
22.45
22.46
19.31
27.42
20.98
26.83
18.35
21.5
17.19
19.94
16.17
26.22
25.2
32.8
18.22
19.61
30.23
29.17
30.35
31.08
20.73
21.84
20.12
24.55
19.43
22.15
16.44
31.17
20.56
20.59
24.92
29.05
25.88
35.81
21.78
21.54
18.05
23.03
26.91
27.67
29.5
25.4
21.49
20.92
24.46
20.03
20.35
22.85
25.1
22.98
20.92
22.67
21.85
23.14
21.42
22.33
22.32
21.22
23.45
21.34
18.7
21.74
26.1
30.81
21.86
19.21
22.22
21.64
20.99
25.05
19.3
22.05
18.65
21.06
21.73
21.97
18.06
18.88
20.76
18.93
23.47
23.33
29.68
25.85
22.11
22.84
18.65
20.87
32.77
19.79
17.03
19.86
16.61
20.25
46.42
20.13
17.68
26.4
23.15
18.9
20.64
18.46
22.17
19.4
18.21
25.65
23.72
19.7
19.28
28.66
20.06
20.9
24.07
17.54
25.19
16.88
34.02
27.28
31.18
37.49
34.88
24.87
24.66
21.97
19.68
22.8
19.87
19.23
18.84
18.95
23.06
20.59
20.81
19
19.37
20.7
25.38
19.59
20.72
19.93
24.04
23.18
22.18
25.57
32.53
27.43
27.53
21.03
24.72
19.61
17.28
25.46
25.32
25.32
23.67
19.26
19.99
24.74
21.7
20.68
22.06
22.76
18.08
19.47
18.18
19.72
18.52
38.03
16.37
25.04
23.86
20.13
16.61
25.02
28.62
21.9
21.17
20.16
25.59
21.29
21.58
20.56
28.57
22.63
21.71
32.29
21.44
31.06
16.27
34.81
25.36
28.64
31.38
27.27
31.23
33.39
30.79
25.12
47.8
55.39
34.29
25.12
23.8
18.78
23.71
19.7
24.85
16.39
22.09
32.89
26.71
22.8
24.58
21.09
23.24
26.94
31.95
21.98
19.53
18.06
21.92
17.14
28.28
19.52
29.46
29.07
20.15
19.43
21.28
17.13
20.27
18.24
19.77
17.92
21.41
25.35
18.66
19.09
17.11
28.62
23.53
19.91
20.13
21.44
25.87
19.33
20.75
30.78
21.36
25.41
26.26
23.65
30.01
25.17
26.49
21.14
28.48
24.46
34.2
21.63
24.54
18.89
30.68
20.28
18.66
24.44
22.86
21.29
27.28
31.26
44.05
17.97
24.16
20.5
26.79
36.42
17.25
19.26
20.67
20.23
21.04
22.24
24.25
23.5
19.96
23.78
21.6
22.03
24.77
31.05
28.58
20.25
18.84
22.6
23.12
21.87
18.05
25.23
30.69
23.65
31.8
32.76
25.83
21.8
17.42
21.79
19.12
22.32
36.27
23.16
20.64
20.51
32.59
16.91
20.82
19.77
20.71
19.46
20.16
23.53
22.95
19.15
20.34
26.6
23.82
24.86
38.5
22.91
19.19
23.67
22.19
20.08
26.65
19.85
32.47
20.82
16.28
18.26
19.53
24.66
33.69
26.95
25.59
23.82
23.24
31
33.47
21.79
23.01
20.47
20.1
20.6
21.29
21.26
21.86
26.61
19.82
21.87
22.48
22.25
18.55
32.12
25.26
18.74
28.22
17.57
38.75
32.33
26.16
27.85
36.1
26.99
26.4
30.38
21.71
35.87
22.02
22.32
18.64
20.99
18.54
20.27
20.17
16.36
21.68
32.15
20.15
18.21
20.1
17.01
17.15
23.59
32.26
24.19
18.71
19.85
31.17
37.31
42.52
17.6
20.81
28.96
33.2
27.99
22.43
25.15
19.61
31.88
25.75
22.82
23.7
19.53
28.71
18.5
18.3
22.12
19.77
21.31
24.84
21.43
35.24
31.99
33.72
22.46
20.28
37.37
21.7
25.95
31.56
25.14
24.86
18.56
22.31
27.1
26.26
32.45
18.73
20.67
20.95
20.05
22.94
47.54
24.43
21.81
23.04
31.84
20.85
21
20.12
18.98
18.8
21.98
25.62
19.88
23.91
23.09
33.75
22.51
21.39
23.78
17.44
25.53
28.36
56.27
44.47
36.92
27.93
25.38
27.73
19.69
24.2
18.14
22.06
24.16
21.76
18.41
18.66
23.86
23.6
19.44
18.44
30.41
31.55
30.71
21.02
29.63
34.82
30.8
29.37
23.15
27.58
21.47
22.71
19.88
19.32
17.97
19.47
32.55
21.97
23.87
21.67
24.88
21.13
18.64
31.85
27.89
18.66
30.12
25.14
25.06
20.07
21.6
25.58
20.24
19.42
22.14
19.57
19.87
19.39
19.39
19.63
18.6
21.95
41
20.97
17.6
21.39
25.74
32.86
22.06
32.25
23.35
23.02
42.19
26.09
19.61
18.69
24.96
22.46
19.19
26.9
23.02
19.81
20.16
19.92
19.24
20.62
27.76
23.13
21.47
20.87
21.57
37.28
25.49
28.8
48.08
20.74
40.2
28.08
17.01
20.59
20.03
31.2
18.5
37.56
23.13
23.76
23.32
21.19
23.35
24.51
23.48
29.63
29.92
21.96
17.79
22.61
17.44
20.56
24.85
20.29
18.05
17.85
26.81
26.12
29.58
23.47
37.14
29.85
20.14
24.97
21.06
22.28
22.69
19.56
30.28
19.17
30.72
44.49
21.41
19.06
18.15
23.56
21.72
22.34
25.48
33.34
21.8
21.82
19.7
24.82
20.65
18.3
20.54
20.05
18.33
20.94
17.46
25.03
20.54
18.69
21.99
21.26
51.42
21.91
19.09
23.77
30.63
20.15
40.14
19.47
27.65
22.37
19.96
19.07
22.79
24.43
25.83
31.9
27.06
40.86
19.43
19.08
20.68
20.73
23.22
17.81
30.79
24.99
17.93
30.05
16.3
37.33
22.58
22.52
20.68
35.13
18.56
30.26
22
21.26
19.85
21.48
22.21
33.88
23.8
20.39
19.32
17.9
18.81
18.78
27.64
24.64
28.97
17.66
29.61
21.26
26.29
18.95
24.46
24.55
22.76
33.38
16.77
24.8
14.72
45.18
17.24
23.7
48.91
23.23
21.31
21.18
20.83
35.84
24.53
20.34
22.79
17.34
18.55
20.12
19.7
19.13
19.51
19.03
19.45
17.74
20.82
19.35
21.62
19.77
20.32
23.4
46.15
23.13
19.09
30.2
21.62
25.7
32.15
23.75
18.94
21.73
39.91
25.03
37.62
38.52
14.41
20.1
22.19
33.36
25.18
21.91
23.54
21.23
25.91
24.64
25.3
21.52
26.76
19.38
56.57
20.19
18.21
20.34
23.2
17.68
18.26
23.23
16.76
18.85
20.31
19.21
18.66
35.69
35.69
33.87
21.09
20.7
21.92
22.69
25.42
23.43
24.45
21.61
29.31
22.5
21.45
22.38
39.28
25.52
23.86
21.12
21.45
23.12
23.2
22.09
32.3
24.73
19.57
29.63
24.34
23.32
15.23
28.77
27.09
29.4
23.51
24.48
17.15
20.34
23.49
25.34
21.58
20.46
18.92
26.57
23.75
17.62
30.26
18.86
20.4
21.94
17.3
22.19
21.4
20.33
22.37
21.09
23.22
21.02
45.04
21.69
28.93
23.31
22.57
20.3
18.26
22.4
22.59
19.39
21.84
32.08
28.78
25.21
28.58
24.61
27.67
20.09
18.04
18.79
20.23
23.22
19.67
19.74
26.19
26.75
24.54
20.37
17.79
18.73
29.52
24.49
19.39
22.04
20.93
20.57
21.4
22.46
41.76
20.94
23.18
26.27
21.92
28.66
36.41
30.92
18.6
19.68
24.38
24.19
19.16
19.4
19.55
19.15
28.21
48.12
19.18
20.49
21.14
20.04
19.82
24.9
25.57
23.38
26.21
23.5
24.94
21.55
21.85
19.37
15.07
23.67
22.47
32.12
20.58
21.03
33.7
20.47
26.18
15.86
35.95
20.5
22.51
17.17
19.13
18.71
27.53
21.34
21.26
28.87
23.54
29.42
26.43
32.85
20.44
22.78
37.11
24.51
32.76
21.6
21.48
21.59
25.08
23.7
27.62
30.76
24.73
48.5
26.18
22.32
20.73
47.22
23.24
20.02
20.82
32.51
16.01
17.91
19.75
17.81
20.49
20.16
16.54
22.9
27.58
22.34
22.93
21.38
36.1
18.26
22.3
23.98
19.73
27.75
24.52
19.67
31.44
24.84
24.95
41.51
25.36
19.96
16.91
18.88
29.54
21.34
29.23
28.54
31.95
33.76
28.73
33.68
26.92
21.49
20.67
21.38
39.46
21.2
25.95
21.23
22.89
20.9
20.81
24.96
19.72
20.05
23.18
21.98
31.81
21.69
33.92
17.64
18.54
24.67
17.38
20.83
21.98
21.99
29.94
29.94
22.05
32.64
29.43
22.14
19.27
27.12
20.92
23.3
18.8
23.77
22.05
29.37
20.47
20.58
22.66
37.78
43.25
24.12
35.51
19.08
20.96
22.26
21.03
31.03
28.03
29.8
31.33
26.83
44.71
26.47
22.03
28.72
22.76
25.07
21.91
31.2
30.57
25.03
20.62
20.06
54.38
17.52
25.8
18.1
17.28
21.59
19.16
22.26
21.15
16.89
18.5
32.92
25.82
26.62
22.43
21.48
18.51
19.19
32.9
19.83
21.18
19.63
17.23
41.05
24.83
36.92
42.12
19.85
17.38
19.32
18.74
26.97
50.35
42.34
30.57
22.98
52.42
33.36
23.04
25.3
23
49.66
26.69
19.13
14.8
19.99
19.29
21.2
26.14
15.7
18.69
16.67
19.43
20.78
18.58
21.42
27.87
16.21
19.33
21.41
18.25
24.36
23.5
21.2
22.51
30.05
17.64
20.18
35.18
17.45
21.92
20.65
23.52
21.53
27.98
18.15
37.04
23.78
24.07
35.74
15.76
25.96
17.55
15.25
21.18
21.16
19.46
23.07
25.37
22.02
21.41
21.77
21.59
21.96
22.25
27.64
25.37
21.4
24.46
21.31
19.7
26.11
21.52
48.11
45.43
31.25
18.55
31.01
18.54
34.04
30.95
23.85
17.39
20.46
18.52
20.76
17.06
18.88
20.68
20.3
22.43
20.6
23.4
20.77
17.46
30.68
28.59
20.24
35.52
29.8
25.02
25.63
25.75
19.31
20.28
23.09
31.15
19.56
35.86
28.16
22.45
49.71
28.52
23.66
40.1
20.77
18.6
18.88
24.31
20.77
22.08
34.34
18.61
18.11
15.22
25.38
26.37
21.03
35.69
28.88
29.77
28.04
19.06
39.17
25.8
24.71
23.69
31.09
41.38
20.74
29.75
27.52
22.79
25.84
26.95
18.42
27.58
23.7
40.56
25.06
25.29
24.79
22.24
21.94
22.46
21.9
16.71
22.28
30.54
35.45
38.32
16.13
19.89
22.2
25.97
17.13
16.67
18.91
19.54
25.16
32.54
20.67
19.22
38.79
26.64
26.11
23.47
24.51
20.71
20.87
20.55
27.27
19.06
21.52
41.29
32.39
17.11
23.23
32.07
24.3
26.32
22.55
22.19
22.04
20.27
20.62
31.15
22.71
26.24
32.41
20.82
25.52
23.3
19.16
24.2
28.26
17.33
19.94
21.98
29.21
22.47
18
26.2
18.5
16.11
21.23
21.63
27.71
19.66
21.68
23.48
36.98
22.94
37.9
23.03
19.96
20.65
36.87
27.22
37.83
24.72
26.66
27.83
23.48
17.1
19.43
18.99
22.8
20.27
34.2
21.29
23.28
23.61
23.35
16.22
24.49
21.22
31.07
21.42
32.85
29.7
30.86
31.14
28.01
22.52
44.72
43.01
16.07
56.37
20.9
20.38
20.76
20.2
16.68
17.94
19.17
19.45
22.76
16.52
40.04
23.6
20.88
17.04
26.67
20.67
19.87
19.99
22.35
18.05
17.72
17.68
17.7
23.47
32.62
24.07
23.62
21.16
21.4
25.71
22.6
19.64
22.14
21.91
34.09
24.43
23.21
24.13
21.92
26.05
17.54
21.04
25.66
21.56
23.23
33.43
33.66
28.56
22.5
28.14
23.39
37.39
18.96
23.77
18.18
21.96
19.23
20.92
20.61
24.86
16.51
20.93
19.56
20.4
21.63
24.68
23.81
33.19
18.99
24.8
26.33
22.97
20.22
19.37
24.53
24.45
23.23
25.36
22.32
22.67
22.51
34.72
28.1
16.35
23.64
21.14
21.08
23.66
19.61
19.04
25.57
21.82
20.58
38.49
33.51
33.95
33.42
30.9
25.29
18.13
24.12
27.59
24.86
20.86
23.86
19.72
18.2
24.14
44.59
24.43
21.66
31.1
19.96
22.37
17.59
26.3
21
23.77
20.7
20.71
23.48
25.27
40.41
56.57
27.61
29.74
26.37
24.33
17.62
20.46
27.85
22.27
18.18
20.29
27.47
29.9
22.61
18.79
25.36
21.38
39.85
48.62
27.59
24.5
18.11
63.06
42.8
32.4
46.86
35.55
23.68
23.89
25.41
36.63
19.46
18.11
30.03
21.52
22.66
18.43
17.52
17.9
21.74
21.4
17.88
16.97
20.45
33.4
19.91
19.53
15.3
18.93
20.9
32.38
17.6
19.41
31.47
36.62
19.67
29.19
23.79
33.27
17.8
28.77
17.52
17.35
21.46
20.91
22.03
24.39
21.14
19.37
22.88
21.07
27.83
24.64
20.53
18.97
17.96
35.86
47.24
38.16
24.15
29.89
22.43
19.67
26.85
16.71
18.9
36.21
20.25
18.9
20.37
21.45
22.51
18.52
16.63
20.85
17.57
21.85
23.55
20.58
34.01
31.62
26.35
30.37
21.53
21.09
23.34
24.44
21.1
24.58
17.47
18.85
21.03
18.69
24.27
25.62
21.74
20.87
19.62
20.15
22.67
19.66
20.94
24.39
21.74
21.75
20.1
20.7
46.64
44.28
36.1
21.41
52.35
24.91
27.59
21.16
22.47
22.19
25.48
28.96
34.24
23.74
28.97
21.39
18.54
21.38
20.58
19.78
19.75
19.96
18.57
16.73
22.39
16.74
29.18
22.06
19.94
20.33
24.12
21.7
24.94
20.43
21.84
21.14
21.56
22.11
20.78
30.74
32.37
48.79
24.28
20.44
34.91
23.34
27.02
17.75
18.83
23.91
23.61
25.71
27.17
25.89
31.03
23.54
18.06
16.64
30.07
20.16
16.15
20.53
23.95
23.38
31.36
20.24
20.66
32.68
19.59
22.28
31.17
23.57
20.48
18.49
23.26
26.6
25.64
29.54
22.25
19.86
21.84
22.91
34.15
20.96
23.58
20.35
30.8
21.49
29.21
21.33
19.12
21.12
21.18
31.5
27.89
23.57
27.21
32.32
25.13
29.22
17.39
42.74
19.5
21.31
28.09
22.21
27.41
30.48
23.45
21.19
26.08
34.01
23.41
23.46
25.49
26.21
23.22
19.95
25.81
22.57
17.79
24.94
32.19
23.81
20.33
18.22
26.7
20.53
19.32
21.56
22.32
20.95
20.72
19.67
23.85
23.32
20.8
22.45
22.68
20.43
20.1
26.8
15.89
25.94
20.94
31.14
29.43
16.14
19.46
16.88
17.36
19
18.39
18.48
18.07
25.6
29.67
19.78
17.77
18.63
19.47
17.92
22.34
20.3
25.01
22.39
21.19
35.01
29.24
21.75
20.45
35.22
18.77
18.64
20.73
25.3
24.34
22.16
39.05
17.66
21.36
27.89
38.42
38.66
23.87
26.44
60.8
20.11
20.89
33.03
18.84
19.17
23.74
21.88
21.58
20.38
22.12
21.95
18.27
23.19
18.89
33.52
22.35
19.81
25.89
21.01
22.02
21.89
30.83
24.99
24.38
21.46
25.14
17.79
23.75
24.07
21.31
17.24
15.37
16.85
23.24
21.31
36.69
30.11
26.13
20.97
44.22
22.31
21.4
20.78
42.45
30.09
20.63
21.08
20.78
22.66
20.16
21.62
19.83
25.21
20.8
22.47
23.16
25.74
21.05
22.62
29.76
44.02
51.06
25.61
27.41
22.84
21.02
21.56
25.59
37.05
19.61
29.56
19.56
23.45
19.84
17.71
16.9
17.71
14.14
21.55
20.95
19.27
21.87
18.5
25.04
32.34
17.85
20.28
16.53
17.87
29.51
18.75
18.2
23.63
19.44
25.74
18.78
19.68
23.3
30.14
25.66
19.84
18.82
21.99
21.62
20.32
29.85
23.26
20.73
18.45
16.15
24.47
22.39
22.26
19.47
19.76
21.25
26.05
25.89
37.62
21.58
25.7
16.57
24.16
20.05
37.47
22.26
24.91
20.38
22.06
27.83
18.6
21.71
20.8
25.28
18.16
24.79
20.81
20.89
16.58
19.32
25.89
16.66
27.24
66.18
23.6
19.16
31.67
21.07
19.53
19.69
22.33
21.91
19.43
31.74
25.87
26.27
23.16
20.46
22.23
21.19
31.81
45.92
31.27
20.18
19.66
21.32
24.91
22.7
23.73
26.78
26.4
19.95
34.92
25.15
22.73
22.54
20.37
18.88
28.15
29.69
25.93
49.28
27.54
34.24
19.23
20.06
24.81
15.69
18.29
19.54
20.56
24.33
22.14
17.35
20.36
28.53
18.25
21.92
38.28
14.51
30.54
25.53
21.27
19.62
19.23
24.36
20.52
21.17
24.73
22.28
15.99
23.16
24.22
20.09
20.25
21.48
18.95
22.8
19.94
24.98
25.75
19.95
19.61
27.11
18.83
20.7
18.97
12.94
24.79
21.97
28.96
24.13
25.63
57.48
24.63
25.19
19.7
24.42
15.78
18.7
16.98
19.5
19.12
20.25
25.11
21.05
39.81
35.7
34.65
22.2
19.18
37.84
20
20.61
20.66
19.31
18.67
29.48
31.43
39.93
19.94
18.91
22.75
16.54
22.74
24.58
21.23
21.36
24.7
22.22
22.37
24.05
23.17
24.37
25.1
28.27
33.65
18.69
19.13
19.67
16.97
18.1
31.49
21.68
19.01
19.43
18.49
19.65
21.85
20.21
25.85
21.13
22.18
21.66
20.62
22.62
21.61
22.67
21.28
22.36
20.79
39.43
27.46
22.52
19.14
27.53
21.25
21.88
22.84
21.52
41.26
21.63
19.96
29.2
26.5
19.19
17.46
19.42
21.89
21.39
22.45
25.85
23.01
25.88
32.97
21.53
19.29
23.07
20.62
23.23
17.93
32.74
17.42
22.57
21.74
21.76
19.3
20.3
28.09
26.33
21.36
16.51
19.48
17.34
18.09
19.58
19.05
18.5
19.03
22.16
21.58
18.6
21.71
21.96
22.03
20.1
21.18
26
21.14
18.93
29.28
16.97
22.35
23.84
23.76
27.67
21.1
23.46
30.66
35.09
31.24
25.68
21.69
23.49
32.09
27.67
20.74
35.89
20.17
23.33
24.67
25.4
23.75
25.77
34.34
26.2
15.46
24.18
16.65
19.92
20.51
20.46
19.83
21.06
22.59
18.6
21.89
20.18
22.46
19.49
17.59
36.05
26.62
22.01
36.34
16.27
29.03
20.41
22.64
25
21.95
27.52
21.41
18.66
22.27
21.15
20.41
19.8
20.76
23.53
19.55
22.03
19.72
20.56
22.04
34.53
21.1
26.48
22.69
20.35
35.08
22.84
20.46
19.91
18.66
20.16
35.01
19.85
23.15
19.87
23.93
19.88
22.19
17.05
19.03
26.91
21.45
19.88
21.94
20.5
21.52
22.72
18.99
20.93
20.68
19.97
19.94
32.48
30.75
25.49
30.33
16.44
34.05
31.98
24.39
18.38
24.39
22.4
26.7
30.21
38.6
20.71
32
19.73
20.74
39.48
21.17
22.73
19.21
22.15
19.14
20.59
21.52
20.68
21.69
17.19
19.15
30.94
18.84
26.81
25.58
22.19
19.16
18.85
19.24
22.28
19.13
20.82
21.14
20.33
20.46
20.12
20.78
22.36
19.22
23.62
18.75
22.19
21.22
20.43
19.68
19.79
25.46
19.57
19.97
19.93
21
22.01
19.99
19.35
19.89
19.79
19.96
21.95
23.44
20.2
19.38
22.54
21.37
19.81
19.79
20.16
19.59
21.08
21.74
19.68
19.87
22.03
35.26
19.47
20.27
21.26
19.49
18.71
22.66
18.23
19.38
19.65
25.7
30.58
17.67
20.08
26.61
20.15
18.25
20.87
28.93
21.92
21.99
23.81
22.4
29.59
43.34
19.99
19.36
32.53
20.55
24.48
21.93
24.46
19.59
30.7
21.13
27.49
44.09
23.53
22.14
35.12
27.22
20.67
22.55
21
31
27.63
20.58
28.11
37.91
22.03
24.87
26.04
17.59
16.3
22.84
26.45
29.69
22.97
30.23
20.04
38.24
20
21.89
19.66
32.69
20.47
22.09
19.79
29.23
19.4
29.66
18.72
22.1
28.37
18.11
26.35
18.62
18.53
21.42
30.38
36.57
38.77
22.54
25.98
26.93
20.68
25.65
54.55
18.97
24.67
22.23
22.33
21.1
26.07
19.65
19.84
19.63
19.49
19.43
20.13
34.9
22.47
22.19
25.37
21.45
19.83
36.2
35.74
37.03
28.87
22.18
20.07
22.67
22.38
34.55
18.26
19.37
16.11
21.61
17.71
24.08
25.69
17.98
38.64
23.93
31.86
17.08
43.62
34.45
31.05
19.93
38.66
37.66
48.14
22.08
29.8
29.96
19.11
32.13
17.89
22.61
20.23
15.43
20.04
19.7
24.85
21.8
17.59
17.2
21.42
20.01
19.13
21.52
21.94
20.59
19.07
20.94
19.55
28.52
20.53
21.31
19.81
20.66
20.53
22.48
22.31
22.72
18.15
28.19
45.13
20.62
27.1
18.71
20.97
31.49
45.77
31.36
35.31
40.65
20.87
24.76
19.87
27.23
24.66
24.57
39.77
22.63
18.31
18.42
20.35
20.06
18.92
21.16
22.45
24.37
21.81
22.08
19.46
29.52
38.13
29.79
20.28
31.82
39.1
31.25
23.46
25.23
26.7
20.25
22.13
21.31
19.99
20.76
17.75
18.89
18.32
16.37
23.39
23.11
20.46
21.57
25.19
25.34
31.38
21.7
23.16
38.58
34.18
35.67
29.43
20.58
22.85
32.13
24.04
29.6
22.08
23.35
39.56
21.81
33.97
21.47
19.11
20.07
22.35
28.32
37.11
18.28
27.67
55.78
21.18
27.06
51.66
24.36
17.84
20.53
21.41
34.25
17.14
19.6
19.18
17.37
21.24
20.01
33.06
18.89
16.23
35.65
19.56
15.81
28.36
21.26
18.77
17.45
23.3
22.85
24.67
20.2
23.25
25.71
20.78
29.6
21.67
20.82
27.7
26.35
20.67
23.23
20.51
40.38
24.73
19.68
32.84
34.05
17.93
14.4
26.92
34.52
20.9
27.07
20.46
22.32
19.99
26.84
21.71
30.33
42.69
27.49
31.98
22.68
28.64
27.82
28.86
33.22
20.16
44.1
35.32
20.15
16.56
19.36
18.51
20.15
22.02
18.92
23.95
20.46
17.07
32.59
21.12
34.74
19.5
19.85
33.31
22.72
36.9
22.16
22.33
21.92
22.74
23.72
23.91
24.38
21.23
25.88
30.99
25.34
24.41
21.27
22.42
16.76
27.19
18.95
21.02
21.31
22.91
18.51
16.5
17.52
43.65
18.34
18.9
19.6
24.34
20.83
27.7
27.01
17.47
33.46
23.64
27.88
21.83
22.18
37.47
27.04
42.39
25.02
16.11
23.56
35.39
16.32
19.75
33.54
18.05
16.89
22.69
15.25
16.13
18.16
20.53
22.89
18.77
19.47
22.38
20.91
27.07
32.53
23.08
22.95
31.38
30.17
51.29
26.59
29.07
29.02
24.92
23.13
21.09
26.98
23.29
23.27
29.37
19.73
25.34
21.65
17.69
22.78
24.58
24.62
22.38
14.71
24.14
26.01
28.51
20.03
18.63
17.82
19.23
20.33
23.77
23.02
23.47
22.57
24.12
27.03
32.51
34.25
23.63
21.07
22.79
21.94
18.51
22.08
25.26
20.78
26.26
17.51
36.19
23.51
18.51
18.97
24.62
21.25
22.25
28.75
27.74
32.68
22.73
19.27
28.73
37.22
37.14
53.64
24.15
29.5
17.4
25.49
21.3
18.41
19.92
29.21
25.46
25.08
23.23
17.69
20.51
19.85
21.76
23.51
20.47
22.37
19.69
29.79
20.42
20.54
21.73
35.21
25.94
30.46
25.84
53.36
32.22
22.2
22.74
26.76
21.59
25.26
19.21
20.36
21.94
21.34
14.87
21.17
21.89
20.29
16.71
17.97
22.34
18.95
28.01
31.13
20.25
21.62
22.09
20.94
20.71
38.73
29.6
26.09
33.48
24.19
21.23
30.3
19.94
21.42
19.41
22.1
25.96
21.6
22.53
19.87
24.18
20.9
21.78
41.13
21.6
23.69
38.91
22.96
27.29
39.29
22.44
27.87
35.71
21.36
21.6
34.86
24.65
25.4
23.81
20.82
26.49
29.72
27.99
21.14
32.23
20.97
22.54
31.74
18.02
24.6
26.95
28.3
20.29
23.46
25.71
22.64
43.38
29.52
21.58
28.36
25.1
20.67
22.81
22.15
22.38
21.64
22.04
21.63
18.81
26.4
30.65
22.33
26.71
33.39
22.6
19.82
20.08
14.91
24.92
17.35
30.61
18.78
19.53
22.02
19.65
19.61
24.42
21.79
19.97
21.56
31.75
16.92
20.15
22.07
24.07
24.29
21.88
23.67
17.94
16.67
29.05
21.48
20.7
17.47
32.29
17.7
18.49
16.61
20.11
30.48
22.52
30.95
50.34
32.24
21.77
38.87
24.61
24.04
21.97
49
31.33
27.99
26.5
21.69
18.69
19.76
21.92
20.29
20.91
20.77
33.54
21.19
19.72
20.7
22.18
28.83
28.38
25.88
24.93
17.37
16.3
20.75
36.53
25.03
43.85
28.28
18.81
18.08
21.72
17.06
21.86
20.45
20.57
25.57
29.62
31.25
25.15
35.61
23.46
21.11
27.02
28.18
34.26
33.96
19.97
19.29
18.25
21.18
19.25
22.36
19.52
19.02
20.07
31.67
23.11
47.73
43.79
22.43
26.69
40.23
20.96
15.74
26.5
29.08
22.29
31.4
32.77
27.92
24.59
28.11
24.09
27.12
18.9
19.68
18.28
23.27
19.2
24.79
33.81
21.08
24.85
30.86
23.18
31.85
21.6
19.98
28.99
18.6
17.66
29.06
19.19
24.34
17.9
30.5
24.86
36.1
30.39
25.73
19.66
23.64
27.39
38.06
25.06
42.06
24.17
24.15
25.07
44.96
21.34
39.64
24.23
16.58
17.62
37.07
31.68
18.44
20.49
21.18
21.6
17.95
18.23
21.41
39.43
24
22.78
44.21
33.62
33.12
32.53
24.42
22.88
22.39
32.02
21.8
18.2
21.16
47.21
16.78
15.93
18.96
16.85
17.97
20.84
20.49
25.97
20.67
23.39
27.8
27.74
16.57
25.03
45.87
21.95
21.67
20.43
34.06
21.88
20.91
40.94
28.67
23.48
31.35
29.3
17.95
14.76
21.57
24.44
22.66
23.72
20.59
25.68
21.75
17.58
23.22
20.8
28.98
23.02
28.63
25.8
20.68
42.92
20.44
20.94
22.72
18.56
27.41
19.31
16.64
14.85
23.44
22.1
44.4
30.17
31.15
22.32
45.39
47.23
34.55
22.73
18.98
23.22
39.77
23.2
26.38
31.93
20.59
24.35
24.3
23.16
25.15
24.28
27.76
18.7
45.02
27.62
21.65
29.28
20.38
49.42
27.77
20.32
20.02
32.78
32.67
19.68
31.17
20.1
20.27
20.8
20.77
20.43
20.51
18.23
26.02
22.43
18.76
26.84
19.39
23.61
28.4
19.65
23.01
17.75
36.11
23.16
20.08
19.49
21.24
25.17
21.11
21.4
28.76
43.06
23.79
26.85
40.11
17.88
17.91
20.58
50.48
19.62
17
16.73
19.06
23.32
32.22
23.5
46.01
20.58
17.3
43.97
36.49
42.53
31.38
35.41
22.58
33.62
57.13
19.3
43.73
31.3
26.37
26.63
27
25.05
18.22
27.78
31.24
21.22
24.39
20.27
20.8
17.66
18.96
24.74
19.93
19.69
24.08
20.97
18.76
19.06
22.32
29.63
35.43
49.3
37.62
21.88
46.06
22.15
19.41
16.82
23.86
20.7
24.52
21.68
30.63
19.26
17.78
20.06
20.39
34.79
24.22
24.96
26.35
18.7
22.04
21.61
18.76
23.66
17.12
23.27
34.32
28.39
35.51
37.62
32.31
35.74
32.46
23.74
21.85
21.68
25.51
24.12
27.19
20.28
17.19
20.16
14.46
16.25
20.93
19.02
18.02
18.83
20.15
56.84
19.21
17.57
16.85
20.41
36.82
49.91
25.16
23.94
22.33
23.89
23.66
21.6
19.83
32.42
24.34
28.59
28.79
34.36
30.82
37.28
19
18.19
21.22
20.17
25.4
24.38
26.34
36.67
22.35
27.17
25.7
22.57
18.87
18.64
14.9
17.51
20.86
17.78
18.08
17.82
17.12
25.34
20.25
21.48
27.32
31.96
43.12
36.61
22.13
19.92
25.28
22.99
20.47
18.75
18.2
16.22
30.79
24.98
28.22
15.79
40.34
40.91
23.16
36.96
58.69
30.74
20.42
37.76
24.03
44.54
32.11
25.96
32.16
28.18
31.12
32.19
50.64
32.19
23.95
25.62
39.51
24.81
16.78
15.81
33.62
22.3
43.47
43.93
19.23
24.53
24.67
23.87
25.75
41.62
24.77
20.55
33.19
20.26
18.82
16.16
20.75
28.38
42.17
30.3
35.54
23.41
21.28
22.98
30.07
26.04
23.24
38.09
22.18
17.08
19.88
31.04
21.41
22.34
31.26
26.89
34.14
28.89
20.02
21.63
23.75
16.16
23.67
15.06
21.09
24.19
20.59
20.32
20.54
22.25
36.6
19.92
22.66
21.87
21.71
29.31
42.31
22.08
17.78
19.61
18.41
40.51
28.36
29.19
21.73
18.02
32.61
21.59
29.89
14.99
26.2
24.8
18.08
17.46
19.05
32.55
19.14
25.94
23.45
60.04
21.16
21.35
18.91
24.57
24.67
24.37
16.18
22.18
24.56
20.84
26.07
27.95
27.59
33.54
29.06
25.63
31.92
25.76
24.04
19.16
31.47
16.61
22.99
28.7
24.4
20.45
21.43
22.66
19.53
20.64
16.92
22.29
14.2
25.13
25.3
30.24
42.41
24.41
26.89
25.66
25.44
20.75
27.44
21.37
18.92
23.49
35.76
20.96
27.51
34.12
20.26
19.59
19.14
26.93
27.76
26.48
21.63
39.66
21.12
21.72
19.24
20.33
25.58
21.63
27.73
29.14
21.37
22.41
24.82
21.13
23.42
19.39
25.55
23.14
20.55
17.63
24.32
25.96
18.4
19.85
44.64
33.61
19.7
22.32
26.73
31.23
24.27
23.18
18.45
43.74
23.38
20.09
23.78
22.85
26.36
22.13
24.58
33.62
32.86
24.91
21.64
24.28
18.95
16.55
21.63
32.92
32.76
25.25
24.95
20.8
30.87
32.35
21.33
34.67
26.75
33.56
29.22
49.91
28.43
20.81
19.06
17.39
14.18
14.33
24.73
15.96
25.57
16.54
21.58
30.96
29.77
17.26
21.55
32.71
19.33
17.2
55.04
25.89
20.83
19.32
33.69
36.76
36.13
33.31
37.29
21.12
35
22.56
32.6
25.83
23.78
21.68
23.74
22.4
29.12
24.73
27.65
20.59
24.76
23.61
25.7
23.33
21.05
22.48
27.74
21.57
30.97
31.42
20.02
17.92
53.13
53.18
23.32
29.89
23.58
22.42
25.7
38.53
19.73
19.09
24.44
19.97
16.17
20.13
21.5
21.39
38.46
36.31
49.21
22.37
23.16
17.61
18.16
37.62
32.66
25.51
20.61
21.91
25.48
21.37
23.65
30.88
27.47
18.11
17.1
15.89
22.86
25.2
31.41
21.38
24.32
37.54
21.99
20.24
22.06
41.97
32.94
19.7
19.18
17.13
29.11
21.69
25.6
30.02
23.18
27.22
19.68
21.66
31.79
22.38
22.19
31.24
35.32
31.75
21.54
25.99
24.22
21.3
21.19
20.26
17.82
28.16
19.14
26.05
17.75
53.26
21.69
22.58
24.92
20.54
21.68
19.62
29.45
35.26
19.36
31.53
26.39
22.42
20.98
30.53
17.19
22.51
24.95
18.47
20.07
24.92
24.73
21.15
23.33
25.16
19.48
25.43
20.51
26
21.61
22.41
25.01
17.8
30.45
25.06
31.8
21.38
28.05
23.31
24.54
18.35
18.02
25.94
43.03
36.6
18.99
19.26
46
22.18
25.21
17.1
21.81
35.86
19.61
22.3
20
22.83
21.31
25.36
33.51
20.02
17.36
22.66
17.74
15.95
17.8
27.78
25.78
40.03
37.31
25.13
26.74
41.55
31.56
28.88
25.26
40.29
29.37
23.8
30.48
21.17
24.19
23.25
25.42
33.03
19.56
22.11
25.92
18.51
25.94
23.12
20.19
24.48
23.91
25.85
15.22
23.51
24.48
24.35
22.76
20.48
25.86
24.38
23.38
28.91
25.3
24.39
17.53
23.94
24.11
26.28
19.91
22.65
22.23
18.26
20.38
16.83
40.42
34.81
30.97
22.65
32.51
32
21.21
31.24
20.71
30.05
29.62
29
44.6
29.84
31.73
48.89
21.25
24.27
21.85
21.82
21.81
21.76
21.62
21.93
16.43
20.5
25.1
23.93
22.24
27.99
30.72
21.24
33.89
19.52
20.95
18.53
19.93
18.74
19.19
20.43
19.09
22.66
19.11
34.14
24.39
17.05
28.72
18.23
16.35
17.56
18.69
24.76
20.44
19.44
26.21
27.86
26.01
27.57
29.37
21.98
24.99
28.29
29.6
23.9
18.29
18.15
22.58
16.25
17.99
22.7
19.9
25.83
30.07
21.47
20.7
25.48
21.16
39.12
21.76
24.25
24.3
43.57
16.77
16.97
28.23
35.49
21.23
19.35
19.52
20.23
20.24
19.79
20.48
32.88
19.56
20.79
20.41
16.39
25.67
17.54
27.16
20.5
20.96
30.72
18.7
22.02
38.15
28.83
25
23.09
25.37
22.14
26.08
21.81
34.21
21.66
26.55
22.62
23.74
27.2
25.98
17.8
19.53
19.42
19.84
20.98
21.21
24.79
19.75
24.71
19.92
20.34
20.31
21.85
20.93
33.71
27.2
20.26
20.95
34.12
36.99
18.54
31.38
25.49
42.48
35.38
19.89
35.19
31.24
22.7
31.2
23.95
36.19
17.37
17.69
27.15
25.57
33.6
22.89
23.41
19.14
18.95
54.84
22.58
23.79
17.68
17.67
38.8
17.87
17.08
24.3
24.69
21.23
22.31
19.94
25.68
22.3
35.12
26.13
35.35
23
14.77
22.62
17.75
21.16
44.61
17.98
15.96
17.57
17.43
32.25
20.52
18.4
17.3
28.07
24.02
24.05
40.26
25.19
21.43
18.88
20.01
18.67
18.82
18.42
19.27
19.39
22.72
22.95
18.01
29.09
24.58
25.53
22
22.29
33.36
21.95
25.11
17.97
16.25
45.04
22.35
27.78
23.49
23.02
41.76
21.27
15.86
35.66
40.43
16.95
18.34
24.34
39.07
20.86
23.67
21.71
37.08
23.42
16.83
60.57
25.92
21.65
21.67
19.97
15.2
29.63
38.86
26.27
22.08
23.14
46.52
27.38
16.7
32.61
26.3
24.85
28.7
34.32
25.99
22.44
22.85
30.16
23.94
30.47
22.21
22.12
19.78
33.59
20.56
22.51
26.13
32.24
28.57
17.69
24.33
16.38
20.47
21.18
24.21
16.51
22.36
34.98
32.59
33.14
21.83
29.96
20.52
21.36
18.15
22.33
27.3
19.49
20.42
17.07
17.81
21.08
15.72
24.8
22.31
19.7
18.8
17.45
17.06
40.93
21.93
23.12
27.77
25.34
22.3
25.77
45.51
22.26
17.82
21.08
27.27
31.31
50.75
23.76
19.17
22.77
17.56
27.62
18.02
35.16
15.97
20.74
36.64
25.23
25.42
34.3
21.42
33.59
24.01
33.48
30.07
30.05
15.2
31.62
27.58
23.23
16.88
24.67
19.05
18.23
23.62
33.62
15.21
16.58
31.42
18.06
28.98
28.91
21.63
23.28
45.38
40.73
25.13
32.17
26.75
35.78
21.17
25.21
22.09
24.95
21.74
23.1
34.84
24.9
19.42
29.56
23.17
21.58
30.58
21.4
38.57
32.26
20.33
34.14
25.29
29.29
23.41
24.97
17.54
28.86
39.44
25.08
27.54
23.33
25.8
21.46
24.94
26.95
18.81
18.26
18.12
21.71
19.78
22.88
19.55
19.78
36.71
24.34
20.57
20.33
36.7
27.29
20.47
22.33
20.22
40.21
36.17
20.84
24.74
35.37
20.52
19.14
28.68
20.62
20.92
22
30.87
22.52
27.19
22.49
30.45
23.97
34.84
22.04
25.23
23.38
23.03
21.92
23.67
21.7
19.2
24.35
31.72
18.46
19.08
19.49
19.5
16.73
24.14
18.27
24.21
18.5
33.08
15.49
20.41
19.02
29.21
26.05
27.38
16.85
24.41
17.12
25.31
28.51
24.34
35.1
30.58
48.51
18.61
23
21.89
20.86
26.67
23.67
17.58
24.41
22.01
23.55
39.62
17.24
33.58
18.66
27.65
16.01
22.55
28.77
16.62
22.61
47.37
18.22
42.02
37.25
21.89
31.15
27.63
27.91
39.6
18.92
17.86
21.69
21.68
19.25
18.88
24.56
30.09
23.54
30.77
48.07
34.01
22.95
30
23.1
19.23
25.3
18.02
59.29
42.64
32.93
33.93
18.79
22.43
27.36
29.93
21.26
22.66
27.5
21.72
21.33
21.53
53.62
34.32
25.09
23.58
26.82
18
20.93
21.64
26.73
20.5
17.89
19.98
20.38
24
25.14
19.52
18.5
19.04
27.95
25.43
21.56
17.49
24.8
19.61
18.58
25.71
27.61
26.8
21.85
20.78
16
20.98
33.3
31.55
31.86
19.97
19
21.33
17.97
17.83
18.11
19.77
22.21
21.75
21.85
20.38
19.63
24.1
25.74
19.15
22.75
17.92
22.78
39.69
21.74
22.89
17.45
25.28
24.17
22.93
35.82
31.84
21.07
24.13
18.22
33.99
53.3
32.44
19.27
37.27
21.89
25.21
32.38
34.05
20.54
24.73
30.71
36.98
29.79
19.6
16.21
19.28
31.84
29.97
17.57
23.92
30.28
32.65
23.02
34.92
23.22
19.96
20.62
16.1
27.86
17.07
19.15
49.07
29.98
41.9
24.1
18.17
34.48
26.48
26.78
19.56
15.62
35.66
27.41
27.7
21.35
25.1
32.37
19.12
18.43
18.92
32.62
39.5
24.53
26.6
31.46
15.24
22.92
21.88
26.22
25.4
32.91
36.53
29.95
26.66
22.15
24.47
19.28
22.15
21.61
18.9
23.23
20.08
21.44
46.97
21.06
25.32
43.14
24.24
38.26
18.43
24.65
25.27
23.98
20.51
19.55
33.17
40.62
20.47
23
19.91
19.32
19.34
23.6
29.56
20.28
21.21
29.09
24.07
19.61
23.01
37.43
23.42
17.84
24.77
20.84
26.92
25.12
28.98
24.54
36.76
26.89
36.65
22.06
20.57
28.17
16.85
34.55
20.81
31.15
23.06
21.97
21.79
26.34
25.11
19.63
16.64
24.13
18.57
20.8
16.8
24.58
29.44
30.53
33.7
27.6
24.09
26.74
35
21.74
19.56
31.63
31.21
21.51
18.89
19.62
22.49
30
21.81
22.58
24.89
41.59
32.6
21.12
25.88
30.28
15.99
38.37
20.39
17.02
17.24
15.32
18.95
20.42
25.11
17.79
32.91
18.52
31.93
23.39
24.61
18.9
20.12
26.59
19.19
34.84
19.77
23.54
29.01
24.22
26.21
19.58
23.42
23.13
17.49
32.7
17.06
26.18
20.44
20.88
44.85
23.13
22.92
21.75
23.43
19.07
23.64
39.03
18.18
43.16
18.13
28.93
25.98
26.14
37.74
24.22
22.11
50.2
33.65
28.03
22.78
35.67
27.46
20.11
36.36
23.79
20.1
24.18
17.66
28.03
17.26
18.95
16.76
25.29
21.04
20.97
19.6
21.25
21.68
20.33
27.48
35.59
38.81
52.32
36.23
55.59
31.07
18.89
21.28
19.28
23.32
20.81
22.63
23.29
22.52
20.68
21.12
19.35
22.44
17.48
29.29
19.96
23.04
20.29
25.95
24.39
24.78
18.77
16.28
29.11
20.23
21.05
18.68
18.3
29.49
29.96
22.23
18.89
19.15
18.57
23.13
27.12
39.98
21.78
27.61
33.23
20.76
22.58
22.05
21.3
14.88
27.29
16.09
17.46
23.61
22.11
18.94
22.95
33.54
26.22
31.9
30.12
23.19
17.49
22.4
23.2
20.98
24.24
20.54
32.88
20.35
19.04
25.34
18.95
25.98
27.26
21.85
25.03
19.19
49.57
45.34
22.49
18.89
24.73
21.83
21.81
21.24
18.5
16.05
28.99
19.07
17.05
18.7
19.65
18.55
20.95
25.89
16.21
23.83
20.19
18.06
17
15.78
16.62
23.71
20.68
18.26
23.7
20.33
19.65
17.9
32.72
20.89
17.96
28.19
23.41
25.78
34.23
50.38
25.67
23.34
28.62
25.12
28.98
30.05
32.85
21.19
30.64
26.71
22.32
23.15
19.1
18.97
17.94
14.36
13.27
34.04
28.33
21.95
21.15
16.8
23.93
20.8
34.34
24.56
30.65
32.96
20.33
23.06
24.88
25.75
26.19
21.86
23.92
22.36
27.17
20.91
18.1
36.53
21.84
22.04
27.78
32.48
21.67
28.04
37.09
38.48
20.52
29.35
19.03
21.25
19.51
21.41
19.65
22.98
25.68
28.01
31.6
20.15
20.37
22.48
18.16
21.66
23.15
24.99
34.84
25.17
21.43
19.18
23.57
43.62
31.66
24.26
22.37
26.59
19.68
24.38
20.49
29.65
22.31
20.56
23.87
27.92
50.39
26.2
19.89
20.02
20.18
20.25
13.14
19.69
34.05
21.96
44.04
22.06
19.98
22.68
21.47
20.69
24.47
27.78
22.83
24.55
20.61
22.72
34.06
24.41
30.49
21.3
20.17
20
18.84
20.67
20.97
28.31
18.09
48.44
29.61
21.18
21.26
22.74
25.17
19.52
28.4
20.1
42.22
30.02
24.52
20.77
22.67
25.63
29.65
24.07
27.49
21.26
25.63
18.13
20.44
18
19.19
17.71
18.67
21.56
24.38
24.22
19.08
18.66
19
35.63
20.17
49.22
38.59
20.42
16.84
16.37
31.76
19.34
28.12
25.26
37.26
24.75
26.09
23.7
29.86
31.89
23.5
24.75
25.59
22.38
19.25
30.24
20.98
18.53
29.25
22
18.81
22.91
28.85
20.81
35.85
32.98
24.13
32.89
37.91
22.65
22.54
24.98
30.35
28.1
24.7
20.17
22.72
32.86
34.11
23.29
19.68
36.05
21.62
16.61
48.07
19.15
15.82
24.09
17.79
23.59
28.48
19.88
20.48
34.84
35.99
61.04
25.1
17.64
20.38
17.41
25.35
21.17
25.88
27.44
31.32
29.47
30.5
20.46
26.94
17.83
16.62
18.37
22.9
41.59
29.65
27.04
21.4
32.95
27.8
23.96
16.62
22.87
36.9
32.61
24.44
25.61
31.34
20.83
22.98
24.48
20.7
29.94
32.82
37.48
20.96
24.76
20.7
16.19
25.59
39.58
17.42
22.46
21.19
18.16
20.68
21.08
21.03
21.56
17.39
22.53
27.18
40.92
29.38
15.4
22.56
27.11
22.13
20.28
23.09
16.43
22.77
24.41
21.9
22.57
36.85
35.03
41.01
38.49
47
21.63
26.7
21.65
21.35
20.71
21.73
18.27
23.72
16.2
23.54
18.03
22.54
24.36
28.02
27.09
27.35
22.2
17.69
21.47
17.39
24.46
16.65
23.2
23.18
21.87
20.8
19.13
21.22
13.83
19.29
22.61
25.26
27.39
22.93
48.95
23.79
46.41
28.98
21.1
22.73
13.3
35.14
18.4
20.62
21.04
25.69
20.16
31.41
21.1
22.48
18.17
19.51
32.89
25.95
25.03
21.3
27.42
21.59
22.51
22.57
32.49
23.05
25.91
21.48
26.76
24.38
25.09
18.17
20.8
14.44
25.83
28.65
22.9
21.27
23.38
20.09
24.82
29.86
18.31
20.88
24.6
19.93
24.03
45.29
16.59
16.23
21.57
23.39
21.07
21.92
26.05
25.73
28.05
25.65
18.88
21.69
27.99
21.07
30.55
24.02
23.16
24.21
34.9
20.09
18.91
23.69
35.55
20.11
41.7
41.02
32.11
32.09
25.39
18
41.73
35.55
24.19
30.94
31.57
24.16
27.29
25.14
20.73
30.77
42.11
27.95
25.77
21.04
23.08
51.81
23.1
25.46
22.7
28.87
20.95
17.95
28.14
23.2
22.72
30
18.68
27.19
23.26
26.52
21.22
23.95
16.97
24.62
21.57
24.3
32.55
23.09
21.14
20.88
23.13
25.36
23.02
22.26
18
21.05
16.99
37.84
18.45
20.56
20.09
27.54
25.42
17.22
19.23
21.86
17.9
29.18
46.93
19.24
26.97
25.56
29.04
31.53
15.46
24.78
22.74
51.45
30.25
18.92
23.24
21.97
29.67
23.96
31.56
22.51
23.43
21.52
22.84
22.92
25.86
19.97
22.86
21.59
26.67
28.55
20.76
46.38
26.72
18.33
19.8
21.13
22.17
20.35
23.06
43.39
26.76
41.81
37.93
43.24
27.23
31.5
22.67
34.38
24.3
24.57
26.7
18.37
25.63
21.48
17.16
18.8
21.77
16.82
17.58
42.69
16.4
19.15
16.26
23.24
18.74
20.95
29.47
18.51
29.39
21.07
16.95
20.94
22.58
19.67
33.14
15.89
29.07
33.65
25.69
46.66
26.41
34.56
22.78
25.13
26.6
20
24.9
23.55
19.41
19.55
20.41
18.17
18.4
19.7
33.08
18.68
17.48
23.02
38.77
33.8
19.18
49.13
21.62
22.81
33.46
26.32
20.62
19.21
19.98
23.44
20.61
22.83
27.2
31.17
32.59
34.89
24.56
18.36
16.57
21.94
22.62
24.01
20.03
22.92
37.59
22.58
34.9
30.94
21.4
21.92
20.98
38.87
34.08
25.4
33.39
24.27
32.33
34.73
18.77
35.9
34.65
51.76
23.71
22.95
19.28
22.18
19.69
15.6
17.09
18.6
18.59
20.35
22.15
24.43
23.31
21.65
18.38
19.31
18.31
24.38
27.47
19.62
29.4
33.63
28.22
22.94
27.52
24.28
33.14
20.53
28.57
24
28.41
24.51
21.68
18.11
26.03
19.6
24.51
20.99
37.11
19.87
24.41
22.53
27.03
27
27.74
20.86
56.46
22.59
33.8
22.51
18.16
20.59
41.62
27.36
16.78
49.19
45.14
21.78
29.05
33.1
24.27
21.3
23.72
21.21
24.59
18.8
18.57
20.96
18
20.41
18.05
14.99
20.93
20.34
18.72
22.72
24.7
17.11
22.08
20.65
21.46
24.18
18.57
21.66
22.53
33.56
23.68
48.09
22.95
21.32
28.3
17.99
21.3
23.05
35.91
43.41
37.06
21.84
20.19
25
15.96
29.26
24.72
19.24
31.43
21.7
28.76
17.23
25.24
30.63
25.98
26.46
37.98
22.45
19.45
20.15
22.69
20.97
23.26
28.04
22.4
18.27
24.92
22.9
18.97
22.81
33.61
22.85
23.34
22.2
21.83
18.78
17.53
34.08
22.29
21.36
20.24
18.55
18.22
22.07
19.01
32.48
26.36
30.99
31.29
34.08
26.36
28.99
18.02
23.44
17.23
18.7
25.34
20.24
19.5
21.65
19.92
30.49
21.56
19.65
21.49
21.09
21.43
32.91
22.83
21.72
32.18
21.43
20.87
35.16
21.16
23.31
20.04
18.83
36.1
24.4
30.06
31.67
34.01
24.8
41.79
21.95
18.68
19.84
18.08
17.17
43.2
18.23
18.61
56.89
18.7
21.43
21.13
19.45
19.66
24.11
20.8
39.74
16.31
30.57
17.94
27.31
32.84
29.08
22.63
17.13
28.48
20.45
47.85
25.23
33.63
19.45
37.52
21.89
31.93
23.26
21.36
17.37
22.19
18.39
22.64
19.07
20.15
21.19
18.38
17.29
18.28
19.58
18.33
33.69
23.05
18.15
40.91
42.96
32.43
28.15
21.08
24.57
24.15
19.18
21.16
22.79
25.63
19.32
18.43
19.26
42.8
39.38
42.98
25.47
30.84
17.13
19.6
23.33
24.91
18.21
20.21
21.22
21.58
20.8
19.93
38.72
18.57
16.97
17.05
19.62
29.78
45.92
21.79
19.24
20.26
21.37
31.41
23.39
22.69
25.3
22.15
36.88
32.74
21.56
21.78
25.48
25.43
17.5
29.97
25.86
32.02
18.97
27.95
28.4
20.01
37.58
23.97
25.44
19.94
23.2
20.64
28.57
21.85
17.2
19.18
20.2
29.74
18.51
17.75
19.78
28.79
23.04
17.03
23.53
19.56
25.71
25.21
20.46
19.81
47.21
21.07
36.83
25
18.53
20.51
27.41
33.96
17.56
22.37
32.89
23.07
30.76
40.47
33.76
25.5
29.94
24.27
18.38
20.27
27.04
22.11
28.37
20.42
25.69
19.2
18.34
26.89
30.99
15.51
14.45
23.16
26.62
18.5
30.23
29.5
23.64
19.56
22.72
19.12
19.96
32.67
22.39
26.79
22.78
17.29
18.42
23.48
19.67
24.84
22.49
29.39
25.56
33.88
20.51
32.46
31.14
27.47
36.54
21.16
24.16
22.5
19.62
31.95
19.61
15.85
20.36
19.73
39.17
20.27
32.62
25.85
19.73
21.92
21.39
18.9
20.69
20.55
21.23
29.9
23.11
32.11
39.95
21.31
20.09
20.91
21.76
25.92
25.57
20.16
24.91
21.23
19.26
29.14
23.93
35.43
23.44
48.59
27.98
24.7
21.07
21.85
23.03
20.25
37.88
18.35
22.21
50.64
21.17
20.87
20.24
18.64
20.04
20.61
19.89
37.26
25.95
19.86
19.96
19.21
18.07
24.88
18.89
19.94
18.41
18.51
21.73
27.3
39.98
44.25
34.16
20.85
20.39
24.36
21.26
18.83
25.93
21.62
25.82
17.98
22.29
16.84
17.31
22.04
24.67
22.68
31.63
21.32
21.7
17.9
22
22.82
23.78
24.05
34.49
21.1
22.86
27.4
19.6
31.52
21.15
30.04
30.15
20.99
23.23
25.45
19.52
23.65
23.92
18.46
22.78
18.52
24.76
30.64
38.15
29.84
18.44
17.61
16.87
20.24
24.73
37.51
19.49
18.33
19.97
31.55
19.52
23.46
16.15
17.42
17.45
22.05
19.26
18.09
19.9
18.17
20.07
21.48
20.73
17.74
22.14
30.6
22.55
18.14
21.1
22.61
29.03
25.93
22.15
19.59
31.18
20.87
20.19
21.31
19.12
16.71
15.55
17.56
19.33
20.18
17.8
21.09
17.61
25.48
24.11
22.23
18.28
21.8
17.2
20.05
19.8
19.38
20.66
22.45
26.66
21.2
32.21
22.46
19.36
22.99
22.75
28.65
36.62
20.33
25.25
30.33
22.95
30.87
21.93
23.79
21.09
19.24
21.98
32.79
22.01
22.42
53.65
23.33
21.77
26.39
20.85
33.97
21.85
24.96
22.83
20.66
18.25
20.24
16.11
18.72
22.37
21.9
25.42
27.86
21.66
23.72
16.13
17.88
22.31
29.62
18.95
15.16
19.48
18.9
25.65
40.02
25.04
23.76
18.8
20.88
25.33
24.54
24.39
34.91
19.43
25.56
20.55
31.08
18.56
18.12
45.91
23.88
20.32
20.09
22.25
18.53
20.6
23.03
19.04
32.87
20.08
24.18
21.62
23.18
18.77
21.7
23.53
26.24
23.06
20.66
20.68
15.32
18.74
21.39
34.1
18.43
17.81
27.53
17.52
17.25
26.14
21.47
22.99
21.44
38.32
19.7
21.48
25.42
18.23
20.79
24.85
22.36
24.59
20.04
22.73
17.26
20.99
16.38
22.72
29.95
21.92
24.21
31.88
27.06
28.34
28.43
21.73
15.12
31.04
34.9
21.34
19.08
19.75
22.95
24.17
19.95
21.97
18.71
21.11
23.66
21.27
22.16
46.47
24.03
27.68
22.2
22.07
23.8
16.41
25.36
18.21
26.24
24.93
18.5
18.3
21.24
15.28
27.72
23.4
21.61
17.55
19.2
21.56
17.74
18.22
21.39
19.53
23.05
17.22
23.22
16.21
22.49
17.94
19.39
21.62
19.93
20.72
18.51
21.12
18.46
46.14
30.29
41.55
31.82
31.58
33.36
22.16
23.38
23.15
23.85
23.51
18.46
24.3
19.63
25.99
22.89
20.77
26.02
24.13
33.38
20.53
33.45
18.35
23.76
32.48
27.45
21.04
18.29
24.77
23.73
19.39
31.25
22.92
20.74
19.66
18.67
22.48
21.08
31.58
24.76
18.37
45.53
20.22
19.58
17.09
21.14
26.07
42.64
35.6
24.94
23.01
20.51
32.1
22.7
18.23
25.1
22.01
33.58
24.51
18.24
20.29
18.15
18.94
19.95
18.37
51.21
25.47
24.34
29.14
38.89
23.24
15.46
18.78
24.92
18.98
20.5
21.07
23.56
19.68
17.7
26.03
32.98
29.6
23.77
29.49
21.36
18.37
22.75
40.64
29.46
23.25
31.96
17.87
21.73
29.59
22.83
24.43
19.66
24.37
30.97
22.52
22.36
21.97
35.6
20.1
21.65
40.01
22.29
18.62
19.1
25.65
20.51
21.43
21.18
20.72
19.42
20.91
19.76
24.36
16.61
18.37
21.7
21.65
21.52
22.76
22.8
40.92
24.12
22.85
18.91
27.55
18.27
28.01
17.11
18.62
33.91
45.12
24.87
20.94
44.85
23.23
23.27
23.09
18.57
22.28
20.38
23.74
22.11
21.28
35.15
16.11
19.82
23.7
18.96
19.72
20.61
28.01
19.59
24.08
28.43
16.6
23.2
21.13
26.19
23.54
22.8
25.92
21.64
24.75
36.82
28.77
21.16
25.46
30.84
30.46
45.59
43.32
27.52
36.64
39.73
21.66
28.04
24.76
22.4
30.36
22.17
25.3
25.27
22.41
19.18
20.53
22.96
21.84
18.38
19.12
22.26
32.46
25.14
19.46
24.88
30.22
20.37
18.08
23.53
18.71
21.98
45.8
20.61
34.06
39.43
23.15
23.02
19.43
22.61
16.36
25.45
34.32
22.47
23.53
19.62
22.03
18.29
26.6
24.07
25.3
21.16
23.86
16.35
23.07
41.15
20.88
26.03
24.16
25.65
18.5
21.81
18.86
33.39
22.86
37.75
24.06
18.17
24.8
29.27
17.22
48.07
23.59
26.22
20.3
25.88
33.24
23.03
42.13
23.41
25.55
21.75
23.56
25.07
22.35
20.96
36.92
20.9
29.55
32.46
27.71
28.97
17.66
34.17
18.32
18.69
18.87
21.45
19.72
19.31
17.47
20.37
22.89
19.52
19.99
40.67
20.09
22.74
19.49
18.2
23.41
18.29
23.14
56.71
21.59
40.61
22.13
28.67
21.01
20.71
20.62
16.97
25.08
23.57
20.81
25.06
18.11
22.6
18.93
21.88
20.36
28.44
17.5
20.21
21.67
21.42
19.74
19.1
19.28
18.58
27.98
18.83
22.44
29.6
18.49
17.69
30.77
46.68
20.35
20.73
25.53
21.31
19.27
32.16
35.33
19.66
22.32
33.14
22.92
18.94
18.53
17.85
17.11
22.4
22.36
19.54
18.06
20.75
15.19
17.9
16.81
20.18
18.52
18.45
57.48
23.97
32.73
22.96
27.36
19.81
24.38
25.2
27.35
21.75
25.46
33.86
21.58
22.81
37.5
18.34
18.42
22.6
20.13
21.26
18.82
26.96
32.99
34.29
34.92
30.09
32.29
21.78
32.61
29.21
51.66
43.64
18.88
30.06
26.98
28.26
27.79
18.11
20.15
22.24
19.81
18.59
45.95
19.56
20.68
22.78
18.93
30.86
15.3
19.83
16.97
19.9
23.8
24.75
24.19
24.31
22.87
23.96
18.61
20.27
30.11
19.44
21.43
27.82
18.73
25.48
24.11
21.51
20.94
35.21
22.14
47.95
15.91
31.29
22.67
24.24
39.98
16.93
17.94
24.67
29.99
15.24
14.59
22.95
16.53
27.7
19.33
14.79
21.65
19.12
29.6
23.17
19.23
30.12
37.35
18.66
18.73
33.3
36.89
26.75
23.45
29.7
20.91
21.04
42.53
30.15
39.42
33.86
20.87
27.09
20.19
30.1
49.38
21.05
20.39
25.72
21.7
20.09
27.19
22.78
20.02
27.98
17.25
17.34
20.49
20.3
28.31
22.21
25.68
25.6
23.86
20.27
20.71
29.13
37.54
18.1
24.96
33.28
22.23
33.03
32.62
18.59
23.44
36.45
20.23
20.75
21.61
24.4
19.56
21.77
27.48
20.79
28.92
21.99
24.47
28.08
51.98
24.95
25.62
28.1
24.9
38.11
27.48
19.96
23.06
15.52
16.38
16.23
16.22
37.1
17.98
23.46
19.06
19.27
20.28
20.22
22.52
25.18
22.97
22.89
21.62
27.45
23.44
19.23
25.84
33.39
34.47
15.7
16.54
28.65
22.52
35.92
23.49
21.86
20.75
22.34
28.04
49.15
27.22
23.5
19.15
24.82
17
23.71
24.66
28.04
21.21
23.35
19.1
13.83
19.91
19.19
19.04
18.33
22.31
17.1
17.7
19.62
26.69
17.71
20.6
19.48
23.07
63.17
19.13
39.87
21.4
24.57
23.65
30.29
24.83
39.03
19.83
23.43
33.24
33.21
53.86
42.74
42.8
25.01
21.54
20.78
19.59
19.54
18.25
36.72
25.59
19.2
33.88
22.57
21.34
19.33
18.24
18.71
16.54
21.34
29.55
35.9
22.75
27.48
33.88
21.51
34.35
23.72
17.56
20.81
24.32
19.16
25.15
18.55
19.21
18.6
18.21
22.07
18.8
22.04
20.66
22.14
22.87
24.19
24.63
23.36
22.46
19.72
20.16
21.36
21.53
17.02
22.39
24.18
37.8
21.21
27.84
22.51
24.97
24.08
53.65
49.03
36.3
21.03
20.35
34.42
21.57
26.86
21.64
22.06
20.15
18.77
43.57
41.88
28.3
38.83
22.18
17.05
24.54
19.38
21.1
22.32
21.3
19.26
21.3
21.4
27.1
25.08
31.71
37.88
22.09
22.99
18.62
39.62
36.56
16.14
19.99
22.09
33.41
31.22
30.22
24.72
19.06
19.21
20.95
19.73
27.76
22.37
29.46
20.08
17.53
19.61
19.6
16
19.72
20.95
16.83
18.96
21.26
20.76
21.79
22.57
18.78
21.98
22.37
17.14
20.4
25.72
24.08
27.8
20.13
19.75
31.52
33.97
32.1
22.36
26.22
24.14
23.52
21.54
22.87
20.39
29.08
24.41
23.35
24.16
32.57
18.6
21.12
49.74
19.72
19.13
31.73
17.53
30.41
22.07
30.75
32.98
22.78
24.85
37.32
16.69
29.21
30.99
33.58
19.86
33.25
19.98
23.36
19.22
19.89
17.26
18.36
22.87
21.16
23.04
19.01
23.55
19.46
19.47
24.27
27.36
22.75
32.35
20.59
26.6
19.34
21.08
29.55
43.95
19.33
20.43
16.88
18.71
21.29
21.28
20.2
14.96
41.92
19.82
21.45
25.76
26.2
25.19
24.73
18.28
25.92
17.18
16.39
19.74
21.31
42.89
17.83
23.83
23.66
23.36
34.04
44.55
29.23
22.11
22.74
24.2
22.09
25.47
22.19
28.27
25.63
21.61
21.25
18.8
26.17
23.62
22.56
24.1
24.37
16.55
24.81
17.31
23.32
21.42
22.7
22.5
21.7
20.78
19.57
17.42
19.81
20.11
23.75
20.53
33.51
19.61
24.21
25.19
22.59
24.08
21.39
14.5
21.24
19.57
26.9
20.1
23.25
23.04
34.14
43.12
19.1
20.57
16.89
48.42
37.7
31.92
21.92
21.79
19.68
20.09
21.15
21.57
24.8
23.94
19.04
33.17
32.18
24.93
19.98
18.23
36.24
21.71
18.49
33.49
31.26
18.24
19.01
16.38
37.57
48.16
34.55
34.56
41.07
21.1
21.76
22.74
17.92
25.26
25.12
20.22
24.92
29.75
23.94
21.51
19.5
37.85
17.22
23.12
51.18
25.25
20.43
22.64
21.23
26.55
20.86
24.21
35.89
32.72
17.27
25.03
19.21
19.63
19.23
18.8
18.36
27.86
16.77
22.27
23.97
20.17
20.11
19.51
23.2
48.31
35.16
23.11
39.48
35.76
19.34
19.35
20.68
18.21
21.19
25.77
21.74
21.32
24.37
20.55
22.75
43.4
16.28
25.6
32.38
19.77
39.74
40.96
21.55
19.17
35.28
35.15
32.87
23.1
20.58
32.59
20.61
23.15
39.24
25.22
22.87
33.43
25.05
19.93
16.18
22.99
19.37
21.73
17.93
54.95
30.99
27.34
46.98
22.95
19.9
22.66
26.38
17.15
24.99
29.15
23.9
21.35
32.11
23.1
22.34
26.54
29.45
20.5
21.37
34.86
26.22
24.65
20.13
27.5
24.38
19.11
23.7
21.94
20.63
18.09
27.21
20.83
16.53
20.81
33.14
23.36
33.68
19.88
20.32
26.46
19.66
18.8
19.49
17.98
17.8
16.44
17.76
18.73
39.81
27.02
31.2
39.23
34.48
26.74
21.3
23.04
27.46
20.65
27.66
21.68
21.98
26.27
17.72
24.64
21.83
24.35
27.49
20.51
15.07
25.68
21.98
19.13
19.14
20.6
27.61
18.68
17.23
31.43
23.38
26.34
21.38
25.54
25.59
30.53
25.47
38.42
33.86
36.34
28.83
21.14
42.14
18.54
19.93
23.13
19.46
23
21.25
18.69
17.64
21.46
20.89
17.77
24.89
22.4
21.93
21.09
21.08
33
20.4
20.39
17.89
21.34
19.61
20.92
22.52
30.43
25.02
18.34
23.59
19.1
18.46
20.9
18.43
34.9
24.11
16.14
18.2
23.49
23.93
21.58
37.02
23.04
20.85
16.99
21.4
18.51
28.83
29.34
24.63
17.11
23.16
27.12
19.72
19.03
19
21.42
24.54
25.86
26.64
20.19
21.08
25.22
29.33
22.72
37.43
24.44
20.54
17
18.81
30.21
32.71
27.58
18.2
18.79
25.8
19.64
22.21
31.81
18.9
18.67
21.09
27.83
42.82
32.43
46.66
47.73
33.56
37.06
21.37
31.01
26.1
36.76
26.05
22.48
40.62
22.88
22.66
21.28
33.5
30.28
25.63
21.31
18.07
23.83
18.1
26.23
34.45
18.51
18.72
22.01
31.99
21.17
18.19
25.95
23.33
25.45
22.56
17.49
19.38
22.46
22.61
23.63
18.91
18.39
18.11
16.26
21
26.2
31.43
16.47
16.63
19.8
24.08
44.88
33.4
33.32
20.33
26.42
18.94
21.67
18.52
24.49
31.16
27.06
21.22
22.48
28.8
28.76
22.99
19.52
32.23
21.97
24.86
17.42
20.23
23.69
26.05
21.98
22.52
24.15
23.34
24.84
25.21
23.81
24.71
19.72
44.02
34.31
19.25
18.31
27.54
29.95
20.67
19.66
31.92
19.15
24.2
25.7
21.64
29.5
20.72
20.6
16.34
17.59
20.78
18.53
19.21
26.25
18.84
20.74
26.83
23.68
16.74
25.03
17.67
18.26
24.73
22.03
24.13
15.53
41.28
27.15
45.38
19.19
24.54
32.53
27.67
26.62
34.45
33.95
18.03
34.12
40.47
18.59
25.13
29.82
22.28
22.13
18.17
21.36
20.23
21.28
22.58
26.98
20.33
28.48
24.3
20.54
21.35
25.77
29.47
23.62
41.25
41.89
44.89
19.05
25.11
19.5
19.27
18.02
24.36
17.9
23.24
23.95
16.61
22.38
22.06
18.94
18.3
20.9
30.43
24.34
24.02
21.32
18.37
30.66
18.32
18.77
18.13
24.62
24.59
26.95
25.33
22.66
22.09
23.27
19.49
19.38
19.13
22.62
20.93
21.3
21.04
22.11
23.25
26.71
23.92
25.03
43.28
21.25
27.01
25.94
29.17
23.36
22.69
20.96
24.9
50.62
26.12
21.72
21.05
18.98
25.25
21.24
19.76
18.78
16.13
27.19
23.54
24.71
23.32
29.13
23.92
21.38
22.35
33.69
22.27
29.91
27.24
22.81
21.89
19.19
21.5
38.93
41.03
22.42
19.75
17.79
21.43
21.03
33.59
31.21
37.21
44.35
20.29
18.92
32.07
16.15
22.6
25.56
23.79
25.1
20.12
20.21
19.67
16.13
25.18
16.44
16.45
18.53
19.52
17.86
18.79
26.46
20.33
18.08
18.15
33.64
18.97
21.65
19.11
19.16
18.82
20.28
20.04
26.58
30.13
39.52
15.42
25.3
18.84
21.82
21.49
28.81
28.77
24.68
20.06
32.79
33.71
25.14
20.54
21.51
23.57
32.6
21.92
24.34
18
34.75
37.05
24.94
24.88
25.54
25.5
16.3
16.68
17.07
18.06
26.04
25.95
19.11
21.33
19.2
21.03
25.24
40.55
24.03
17.93
31.91
26.95
19.98
20.16
21.51
23.11
21.69
23.49
22.24
23.33
37.75
16.36
23.34
17.19
20.35
18.19
21.3
18.46
20.45
19.55
20.51
20.66
27.84
33.97
23.87
31.42
25.42
33.39
39.72
23.95
19.9
20.71
51.32
23.44
23.31
20.75
21.33
24.86
25.15
19.26
20.17
27.09
25.02
24.24
19.38
18.95
21.06
18.01
24.99
20.7
29.62
29.74
23.72
22.35
19.9
23.52
22.45
23.38
21.08
31.92
32.84
41.65
23.85
33.34
18.21
17.86
19.23
36.99
23.44
24.32
19.79
22.7
23.49
22.17
21.63
32.31
20.53
20.42
23.54
21.63
23.38
21.47
30.99
25.53
16.32
22.84
18.35
17.61
17.41
21.17
20.34
30.16
21.86
21.41
25.71
18.34
27.61
20.25
19.52
24.66
28.26
24.09
27.87
28.09
23.11
23.93
20.89
25.64
24.27
22.65
15.32
23.14
19.88
25.16
16.3
25.64
27.95
26.84
22.76
31.11
17.45
31.93
43.02
18.31
25.72
46.19
36.79
42.96
32.22
19.63
24.51
24.32
28.4
21.91
20.26
24.07
32.02
42.06
21.76
23.71
18.63
21.3
19.37
21.01
17.42
43.16
20.04
24.99
21.62
25.39
20.91
24.17
28.84
18.97
17.33
19.95
23.86
21.23
25.55
33.36
37.42
28.96
27.81
38.82
17.33
15.53
24.16
23.01
19.32
21.4
18.77
19.92
21.88
21.62
21.78
34.27
21.02
23.25
25.01
24.3
25.26
17.49
20.84
21.43
30.37
39.75
33.31
27.12
18.77
20.4
21.2
23.97
30.49
25.11
35.65
21.23
20.52
31.98
20.04
21.31
20.48
32.09
20.45
24.87
22.79
24.62
29.46
22.81
34.14
16.61
21.2
24.86
38.36
34.65
42.96
19.47
21.04
35.07
45.32
20.44
16.11
21.8
21.49
