0.0147205335293147
-0.332030890563066
0.0360507432168379
-0.206334227124142
0.386418709473539
0.219710390792679
-0.654529575288296
-0.211873896785324
-0.179672565490444
-0.327059818257956
0.203652674826379
0.00200323969408964
0.441527704910361
0.255798605040443
-0.339524813921875
-0.0546309778818977
0.15852199489861
0.0437139613412837
-0.219736595429822
-0.14530816690718
-0.159394542477967
-0.0249378756285514
0.137613067557439
0.203156156627134
0.580299841236323
-0.148695529007309
-0.0068004151032801
0.367087650097259
-0.159911825812756
0.205918027817181
0.0640451126494186
-0.375507926666629
0.0574372979449399
0.0587181651195351
0.313914935406407
0.343409287100134
-0.262966560719957
0.448551413558918
0.0353016044794249
-0.513783765035274
-0.413659509422592
-0.19499490028033
-0.208629163580204
-0.202624874986691
0.145873894672885
0.0522782798567641
0.25924739215328
0.2324526419209
0.0392879758374329
0.206405459887494
-0.0182414920549827
-0.216412670896794
0.279019305685584
-0.0535325011033528
0.188370067889446
-0.00396591867695315
0.118477435956527
-0.0394912320083458
0.309103146452049
-0.28161752798286
-0.0860874919864727
-0.0527201712640672
-0.0322063096907423
-0.211792474081798
